1.000000000000000000e+00 9.423245614035087765e-04
2.000000000000000000e+00 3.725593045112782220e-01
3.000000000000000000e+00 3.158405388471177688e-02
4.000000000000000000e+00 2.033046679197995088e-01
5.000000000000000000e+00 7.371265664160400743e-02
6.000000000000000000e+00 2.451619674185463726e-02
7.000000000000000000e+00 7.963721804511278771e-03
8.000000000000000000e+00 6.316040100250626572e-03
9.000000000000000000e+00 6.866422305764410816e-02
1.000000000000000000e+01 7.766040100250626299e-02
1.100000000000000000e+01 2.654664786967418644e-02
1.200000000000000000e+01 5.920927318295739032e-03
1.300000000000000000e+01 3.006578947368420893e-04
1.400000000000000000e+01 9.743013784461152307e-03
1.500000000000000000e+01 5.454260651629073021e-04
1.600000000000000000e+01 9.541510025062656386e-03
1.700000000000000000e+01 1.548245614035087710e-04
1.800000000000000000e+01 8.190444862155388597e-03
1.900000000000000000e+01 1.832268170426065148e-03
2.000000000000000000e+01 2.076738721804511148e-02
2.100000000000000000e+01 1.185169172932330761e-02
2.200000000000000000e+01 2.251472431077694396e-03
2.300000000000000000e+01 3.513013784461153227e-02
2.400000000000000000e+01 0.000000000000000000e+00
