accuracy
Total Train iter	epoch	iter in epoch	validation accuracy
5.100000000000000000e+01 1.000000000000000000e+00 5.100000000000000000e+01 7.139450073242187278e-01
1.010000000000000000e+02 1.000000000000000000e+00 1.010000000000000000e+02 7.583709716796874778e-01
1.510000000000000000e+02 1.000000000000000000e+00 1.510000000000000000e+02 7.752197265625000444e-01
2.010000000000000000e+02 1.000000000000000000e+00 2.010000000000000000e+02 7.913635253906250444e-01
2.510000000000000000e+02 1.000000000000000000e+00 2.510000000000000000e+02 7.892211914062500222e-01
3.000000000000000000e+02 1.000000000000000000e+00 -1.000000000000000000e+00 6.770950317382812278e-01
3.510000000000000000e+02 2.000000000000000000e+00 5.100000000000000000e+01 7.850265502929687500e-01
4.010000000000000000e+02 2.000000000000000000e+00 1.010000000000000000e+02 7.733169555664062278e-01
4.510000000000000000e+02 2.000000000000000000e+00 1.510000000000000000e+02 7.615859985351562944e-01
5.010000000000000000e+02 2.000000000000000000e+00 2.010000000000000000e+02 7.819961547851562722e-01
5.510000000000000000e+02 2.000000000000000000e+00 2.510000000000000000e+02 6.909179687500000000e-01
6.000000000000000000e+02 2.000000000000000000e+00 -1.000000000000000000e+00 7.741943359374999778e-01
6.510000000000000000e+02 3.000000000000000000e+00 5.100000000000000000e+01 7.774749755859374778e-01
7.010000000000000000e+02 3.000000000000000000e+00 1.010000000000000000e+02 7.844268798828124556e-01
7.510000000000000000e+02 3.000000000000000000e+00 1.510000000000000000e+02 7.577255249023437944e-01
8.010000000000000000e+02 3.000000000000000000e+00 2.010000000000000000e+02 7.012191772460937278e-01
8.510000000000000000e+02 3.000000000000000000e+00 2.510000000000000000e+02 7.437225341796874778e-01
9.000000000000000000e+02 3.000000000000000000e+00 -1.000000000000000000e+00 6.464431762695312944e-01
9.510000000000000000e+02 4.000000000000000000e+00 5.100000000000000000e+01 7.725585937500000222e-01
1.001000000000000000e+03 4.000000000000000000e+00 1.010000000000000000e+02 6.508071899414062944e-01
1.051000000000000000e+03 4.000000000000000000e+00 1.510000000000000000e+02 7.355758666992187056e-01
1.101000000000000000e+03 4.000000000000000000e+00 2.010000000000000000e+02 7.362747192382812500e-01
1.151000000000000000e+03 4.000000000000000000e+00 2.510000000000000000e+02 7.623046875000000222e-01
1.200000000000000000e+03 4.000000000000000000e+00 -1.000000000000000000e+00 7.751281738281250444e-01
1.251000000000000000e+03 5.000000000000000000e+00 5.100000000000000000e+01 7.190383911132812722e-01
1.301000000000000000e+03 5.000000000000000000e+00 1.010000000000000000e+02 7.270935058593750444e-01
1.351000000000000000e+03 5.000000000000000000e+00 1.510000000000000000e+02 7.780670166015625222e-01
1.401000000000000000e+03 5.000000000000000000e+00 2.010000000000000000e+02 7.715774536132812278e-01
1.451000000000000000e+03 5.000000000000000000e+00 2.510000000000000000e+02 7.645706176757812722e-01
1.500000000000000000e+03 5.000000000000000000e+00 -1.000000000000000000e+00 7.795883178710937278e-01
1.551000000000000000e+03 6.000000000000000000e+00 5.100000000000000000e+01 7.936386108398437722e-01
1.601000000000000000e+03 6.000000000000000000e+00 1.010000000000000000e+02 7.796768188476562722e-01
1.651000000000000000e+03 6.000000000000000000e+00 1.510000000000000000e+02 7.664337158203125000e-01
1.701000000000000000e+03 6.000000000000000000e+00 2.010000000000000000e+02 7.288558959960937944e-01
1.751000000000000000e+03 6.000000000000000000e+00 2.510000000000000000e+02 7.293945312499999778e-01
1.800000000000000000e+03 6.000000000000000000e+00 -1.000000000000000000e+00 7.030639648437500000e-01
1.851000000000000000e+03 7.000000000000000000e+00 5.100000000000000000e+01 7.465270996093750222e-01
1.901000000000000000e+03 7.000000000000000000e+00 1.010000000000000000e+02 7.325866699218750444e-01
1.951000000000000000e+03 7.000000000000000000e+00 1.510000000000000000e+02 7.303268432617187056e-01
2.001000000000000000e+03 7.000000000000000000e+00 2.010000000000000000e+02 7.722885131835937056e-01
2.051000000000000000e+03 7.000000000000000000e+00 2.510000000000000000e+02 7.339706420898437500e-01
2.100000000000000000e+03 7.000000000000000000e+00 -1.000000000000000000e+00 7.738601684570312056e-01
2.151000000000000000e+03 8.000000000000000000e+00 5.100000000000000000e+01 7.512145996093749778e-01
2.201000000000000000e+03 8.000000000000000000e+00 1.010000000000000000e+02 7.184127807617187722e-01
2.251000000000000000e+03 8.000000000000000000e+00 1.510000000000000000e+02 7.019149780273437056e-01
2.301000000000000000e+03 8.000000000000000000e+00 2.010000000000000000e+02 7.735931396484374556e-01
2.351000000000000000e+03 8.000000000000000000e+00 2.510000000000000000e+02 7.553863525390625000e-01
2.400000000000000000e+03 8.000000000000000000e+00 -1.000000000000000000e+00 7.421905517578124556e-01
2.451000000000000000e+03 9.000000000000000000e+00 5.100000000000000000e+01 7.786117553710937278e-01
2.501000000000000000e+03 9.000000000000000000e+00 1.010000000000000000e+02 7.354812622070312500e-01
2.551000000000000000e+03 9.000000000000000000e+00 1.510000000000000000e+02 7.491714477539062056e-01
2.601000000000000000e+03 9.000000000000000000e+00 2.010000000000000000e+02 7.663360595703124778e-01
2.651000000000000000e+03 9.000000000000000000e+00 2.510000000000000000e+02 7.445114135742187944e-01
2.700000000000000000e+03 9.000000000000000000e+00 -1.000000000000000000e+00 7.282226562500000444e-01
2.751000000000000000e+03 1.000000000000000000e+01 5.100000000000000000e+01 7.821685791015624556e-01
2.801000000000000000e+03 1.000000000000000000e+01 1.010000000000000000e+02 7.589080810546875444e-01
2.851000000000000000e+03 1.000000000000000000e+01 1.510000000000000000e+02 7.674713134765625000e-01
2.901000000000000000e+03 1.000000000000000000e+01 2.010000000000000000e+02 7.818084716796874778e-01
2.951000000000000000e+03 1.000000000000000000e+01 2.510000000000000000e+02 6.562332153320312722e-01
3.000000000000000000e+03 1.000000000000000000e+01 -1.000000000000000000e+00 7.443328857421874778e-01
3.051000000000000000e+03 1.100000000000000000e+01 5.100000000000000000e+01 7.836364746093750222e-01
3.101000000000000000e+03 1.100000000000000000e+01 1.010000000000000000e+02 7.586471557617187056e-01
3.151000000000000000e+03 1.100000000000000000e+01 1.510000000000000000e+02 7.534393310546875222e-01
3.201000000000000000e+03 1.100000000000000000e+01 2.010000000000000000e+02 7.635345458984375000e-01
3.251000000000000000e+03 1.100000000000000000e+01 2.510000000000000000e+02 7.315032958984375444e-01
3.300000000000000000e+03 1.100000000000000000e+01 -1.000000000000000000e+00 7.963180541992187500e-01
3.351000000000000000e+03 1.200000000000000000e+01 5.100000000000000000e+01 7.638229370117187722e-01
3.401000000000000000e+03 1.200000000000000000e+01 1.010000000000000000e+02 7.522552490234375444e-01
3.451000000000000000e+03 1.200000000000000000e+01 1.510000000000000000e+02 7.671188354492187722e-01
3.501000000000000000e+03 1.200000000000000000e+01 2.010000000000000000e+02 7.668319702148437278e-01
3.551000000000000000e+03 1.200000000000000000e+01 2.510000000000000000e+02 7.545928955078125000e-01
3.600000000000000000e+03 1.200000000000000000e+01 -1.000000000000000000e+00 7.666030883789062278e-01
3.651000000000000000e+03 1.300000000000000000e+01 5.100000000000000000e+01 7.729400634765625222e-01
3.701000000000000000e+03 1.300000000000000000e+01 1.010000000000000000e+02 7.036560058593750444e-01
3.751000000000000000e+03 1.300000000000000000e+01 1.510000000000000000e+02 7.649826049804687722e-01
3.801000000000000000e+03 1.300000000000000000e+01 2.010000000000000000e+02 7.588577270507812500e-01
3.851000000000000000e+03 1.300000000000000000e+01 2.510000000000000000e+02 7.602676391601562722e-01
3.900000000000000000e+03 1.300000000000000000e+01 -1.000000000000000000e+00 7.598526000976562056e-01
3.951000000000000000e+03 1.400000000000000000e+01 5.100000000000000000e+01 7.655105590820312500e-01
4.001000000000000000e+03 1.400000000000000000e+01 1.010000000000000000e+02 7.506317138671875222e-01
4.051000000000000000e+03 1.400000000000000000e+01 1.510000000000000000e+02 6.970413208007812944e-01
4.101000000000000000e+03 1.400000000000000000e+01 2.010000000000000000e+02 7.348709106445312500e-01
4.151000000000000000e+03 1.400000000000000000e+01 2.510000000000000000e+02 7.746200561523437500e-01
4.200000000000000000e+03 1.400000000000000000e+01 -1.000000000000000000e+00 7.777359008789062056e-01
4.251000000000000000e+03 1.500000000000000000e+01 5.100000000000000000e+01 7.319488525390625000e-01
4.301000000000000000e+03 1.500000000000000000e+01 1.010000000000000000e+02 7.358825683593750444e-01
4.351000000000000000e+03 1.500000000000000000e+01 1.510000000000000000e+02 7.582107543945312278e-01
4.401000000000000000e+03 1.500000000000000000e+01 2.010000000000000000e+02 7.586074829101562278e-01
4.451000000000000000e+03 1.500000000000000000e+01 2.510000000000000000e+02 7.496994018554687944e-01
4.500000000000000000e+03 1.500000000000000000e+01 -1.000000000000000000e+00 7.300338745117187500e-01
4.551000000000000000e+03 1.600000000000000000e+01 5.100000000000000000e+01 6.852508544921874778e-01
4.601000000000000000e+03 1.600000000000000000e+01 1.010000000000000000e+02 7.959884643554687722e-01
4.651000000000000000e+03 1.600000000000000000e+01 1.510000000000000000e+02 7.961273193359375000e-01
4.701000000000000000e+03 1.600000000000000000e+01 2.010000000000000000e+02 7.761932373046874778e-01
4.751000000000000000e+03 1.600000000000000000e+01 2.510000000000000000e+02 7.936370849609375444e-01
4.800000000000000000e+03 1.600000000000000000e+01 -1.000000000000000000e+00 7.903091430664062056e-01
4.851000000000000000e+03 1.700000000000000000e+01 5.100000000000000000e+01 7.816574096679687056e-01
4.901000000000000000e+03 1.700000000000000000e+01 1.010000000000000000e+02 8.009796142578125000e-01
4.951000000000000000e+03 1.700000000000000000e+01 1.510000000000000000e+02 7.824188232421874778e-01
5.001000000000000000e+03 1.700000000000000000e+01 2.010000000000000000e+02 7.757080078125000444e-01
5.051000000000000000e+03 1.700000000000000000e+01 2.510000000000000000e+02 7.715057373046875222e-01
5.100000000000000000e+03 1.700000000000000000e+01 -1.000000000000000000e+00 7.534469604492187722e-01
5.151000000000000000e+03 1.800000000000000000e+01 5.100000000000000000e+01 7.812149047851562056e-01
5.201000000000000000e+03 1.800000000000000000e+01 1.010000000000000000e+02 7.844299316406250222e-01
5.251000000000000000e+03 1.800000000000000000e+01 1.510000000000000000e+02 6.751022338867187500e-01
5.301000000000000000e+03 1.800000000000000000e+01 2.010000000000000000e+02 7.800445556640625000e-01
5.351000000000000000e+03 1.800000000000000000e+01 2.510000000000000000e+02 7.719024658203125222e-01
5.400000000000000000e+03 1.800000000000000000e+01 -1.000000000000000000e+00 7.763549804687499556e-01
5.451000000000000000e+03 1.900000000000000000e+01 5.100000000000000000e+01 7.728332519531250222e-01
5.501000000000000000e+03 1.900000000000000000e+01 1.010000000000000000e+02 7.566604614257812500e-01
5.551000000000000000e+03 1.900000000000000000e+01 1.510000000000000000e+02 7.913528442382812278e-01
5.601000000000000000e+03 1.900000000000000000e+01 2.010000000000000000e+02 7.710205078124999778e-01
5.651000000000000000e+03 1.900000000000000000e+01 2.510000000000000000e+02 7.793411254882812722e-01
5.700000000000000000e+03 1.900000000000000000e+01 -1.000000000000000000e+00 7.615219116210937278e-01
5.751000000000000000e+03 2.000000000000000000e+01 5.100000000000000000e+01 7.875396728515624556e-01
5.801000000000000000e+03 2.000000000000000000e+01 1.010000000000000000e+02 6.948059082031250444e-01
5.851000000000000000e+03 2.000000000000000000e+01 1.510000000000000000e+02 7.966339111328124556e-01
5.901000000000000000e+03 2.000000000000000000e+01 2.010000000000000000e+02 7.158370971679687278e-01
5.951000000000000000e+03 2.000000000000000000e+01 2.510000000000000000e+02 7.125061035156250444e-01
6.000000000000000000e+03 2.000000000000000000e+01 -1.000000000000000000e+00 7.387802124023437056e-01
6.051000000000000000e+03 2.100000000000000000e+01 5.100000000000000000e+01 7.484848022460937056e-01
6.101000000000000000e+03 2.100000000000000000e+01 1.010000000000000000e+02 7.811950683593750222e-01
6.151000000000000000e+03 2.100000000000000000e+01 1.510000000000000000e+02 7.543487548828125000e-01
6.201000000000000000e+03 2.100000000000000000e+01 2.010000000000000000e+02 7.673690795898437944e-01
6.251000000000000000e+03 2.100000000000000000e+01 2.510000000000000000e+02 7.927032470703124778e-01
6.300000000000000000e+03 2.100000000000000000e+01 -1.000000000000000000e+00 7.266571044921874556e-01
6.351000000000000000e+03 2.200000000000000000e+01 5.100000000000000000e+01 7.738296508789062056e-01
6.401000000000000000e+03 2.200000000000000000e+01 1.010000000000000000e+02 7.729766845703125444e-01
6.451000000000000000e+03 2.200000000000000000e+01 1.510000000000000000e+02 7.548477172851562056e-01
6.501000000000000000e+03 2.200000000000000000e+01 2.010000000000000000e+02 7.578399658203125444e-01
6.551000000000000000e+03 2.200000000000000000e+01 2.510000000000000000e+02 7.441406250000000000e-01
6.600000000000000000e+03 2.200000000000000000e+01 -1.000000000000000000e+00 7.698883056640625222e-01
6.651000000000000000e+03 2.300000000000000000e+01 5.100000000000000000e+01 7.858032226562500222e-01
6.701000000000000000e+03 2.300000000000000000e+01 1.010000000000000000e+02 6.856201171875000444e-01
6.751000000000000000e+03 2.300000000000000000e+01 1.510000000000000000e+02 7.867416381835937722e-01
6.801000000000000000e+03 2.300000000000000000e+01 2.010000000000000000e+02 7.881362915039062944e-01
6.851000000000000000e+03 2.300000000000000000e+01 2.510000000000000000e+02 7.908981323242187944e-01
6.900000000000000000e+03 2.300000000000000000e+01 -1.000000000000000000e+00 7.553848266601562722e-01
6.951000000000000000e+03 2.400000000000000000e+01 5.100000000000000000e+01 7.014541625976562500e-01
7.001000000000000000e+03 2.400000000000000000e+01 1.010000000000000000e+02 7.579086303710937944e-01
7.051000000000000000e+03 2.400000000000000000e+01 1.510000000000000000e+02 7.593765258789062500e-01
7.101000000000000000e+03 2.400000000000000000e+01 2.010000000000000000e+02 7.627593994140624556e-01
7.151000000000000000e+03 2.400000000000000000e+01 2.510000000000000000e+02 7.755386352539062056e-01
7.200000000000000000e+03 2.400000000000000000e+01 -1.000000000000000000e+00 7.793136596679687278e-01
7.251000000000000000e+03 2.500000000000000000e+01 5.100000000000000000e+01 7.767272949218749778e-01
7.301000000000000000e+03 2.500000000000000000e+01 1.010000000000000000e+02 7.928649902343749556e-01
7.351000000000000000e+03 2.500000000000000000e+01 1.510000000000000000e+02 7.948974609375000222e-01
7.401000000000000000e+03 2.500000000000000000e+01 2.010000000000000000e+02 7.844741821289062944e-01
7.451000000000000000e+03 2.500000000000000000e+01 2.510000000000000000e+02 7.861923217773437722e-01
7.500000000000000000e+03 2.500000000000000000e+01 -1.000000000000000000e+00 7.844116210937499556e-01
7.551000000000000000e+03 2.600000000000000000e+01 5.100000000000000000e+01 7.858078002929687056e-01
7.601000000000000000e+03 2.600000000000000000e+01 1.010000000000000000e+02 7.754241943359374556e-01
7.651000000000000000e+03 2.600000000000000000e+01 1.510000000000000000e+02 7.737792968750000222e-01
7.701000000000000000e+03 2.600000000000000000e+01 2.010000000000000000e+02 7.867050170898437500e-01
7.751000000000000000e+03 2.600000000000000000e+01 2.510000000000000000e+02 7.921447753906250000e-01
7.800000000000000000e+03 2.600000000000000000e+01 -1.000000000000000000e+00 7.819290161132812500e-01
7.851000000000000000e+03 2.700000000000000000e+01 5.100000000000000000e+01 7.801849365234374556e-01
7.901000000000000000e+03 2.700000000000000000e+01 1.010000000000000000e+02 7.391433715820312500e-01
7.951000000000000000e+03 2.700000000000000000e+01 1.510000000000000000e+02 7.566635131835937056e-01
8.001000000000000000e+03 2.700000000000000000e+01 2.010000000000000000e+02 7.874130249023437722e-01
8.051000000000000000e+03 2.700000000000000000e+01 2.510000000000000000e+02 6.705932617187500000e-01
8.100000000000000000e+03 2.700000000000000000e+01 -1.000000000000000000e+00 7.229400634765624778e-01
8.151000000000000000e+03 2.800000000000000000e+01 5.100000000000000000e+01 7.932800292968750222e-01
8.201000000000000000e+03 2.800000000000000000e+01 1.010000000000000000e+02 7.240600585937500000e-01
8.251000000000000000e+03 2.800000000000000000e+01 1.510000000000000000e+02 7.648742675781250444e-01
8.301000000000000000e+03 2.800000000000000000e+01 2.010000000000000000e+02 7.785583496093749778e-01
8.351000000000000000e+03 2.800000000000000000e+01 2.510000000000000000e+02 7.510467529296874778e-01
8.400000000000000000e+03 2.800000000000000000e+01 -1.000000000000000000e+00 7.576919555664062278e-01
8.451000000000000000e+03 2.900000000000000000e+01 5.100000000000000000e+01 7.316360473632812500e-01
8.501000000000000000e+03 2.900000000000000000e+01 1.010000000000000000e+02 7.776962280273437278e-01
8.551000000000000000e+03 2.900000000000000000e+01 1.510000000000000000e+02 7.417114257812500444e-01
8.601000000000000000e+03 2.900000000000000000e+01 2.010000000000000000e+02 7.369430541992187944e-01
8.651000000000000000e+03 2.900000000000000000e+01 2.510000000000000000e+02 7.698623657226562056e-01
8.700000000000000000e+03 2.900000000000000000e+01 -1.000000000000000000e+00 7.903167724609374556e-01
8.751000000000000000e+03 3.000000000000000000e+01 5.100000000000000000e+01 7.233352661132812500e-01
8.801000000000000000e+03 3.000000000000000000e+01 1.010000000000000000e+02 7.822906494140624556e-01
8.851000000000000000e+03 3.000000000000000000e+01 1.510000000000000000e+02 8.042816162109375222e-01
8.901000000000000000e+03 3.000000000000000000e+01 2.010000000000000000e+02 7.735275268554687722e-01
8.951000000000000000e+03 3.000000000000000000e+01 2.510000000000000000e+02 7.420211791992187278e-01
9.000000000000000000e+03 3.000000000000000000e+01 -1.000000000000000000e+00 7.670257568359375444e-01
