classes per patch
0.000000000000000000e+00
0.000000000000000000e+00
1.050000000000000000e+02
8.370000000000000000e+02
1.104000000000000000e+03
9.290000000000000000e+02
8.140000000000000000e+02
1.854000000000000000e+03
2.602000000000000000e+03
2.244000000000000000e+03
3.607000000000000000e+03
2.484000000000000000e+03
2.536000000000000000e+03
2.874000000000000000e+03
1.736000000000000000e+03
2.153000000000000000e+03
5.150000000000000000e+02
5.130000000000000000e+02
0.000000000000000000e+00
9.000000000000000000e+01
0.000000000000000000e+00
0.000000000000000000e+00
0.000000000000000000e+00
0.000000000000000000e+00
0.000000000000000000e+00
