F1-score
Total Train iter	epoch	iter in epoch	validation F1-score
5.100000000000000000e+01 1.000000000000000000e+00 5.100000000000000000e+01 7.520262927684817633e-01
1.010000000000000000e+02 1.000000000000000000e+00 1.010000000000000000e+02 7.803569612621032991e-01
1.510000000000000000e+02 1.000000000000000000e+00 1.510000000000000000e+02 7.998489793674067316e-01
2.010000000000000000e+02 1.000000000000000000e+00 2.010000000000000000e+02 8.070105456930403154e-01
2.510000000000000000e+02 1.000000000000000000e+00 2.510000000000000000e+02 8.062530519702788556e-01
3.000000000000000000e+02 1.000000000000000000e+00 -1.000000000000000000e+00 7.284745425208394298e-01
3.510000000000000000e+02 2.000000000000000000e+00 5.100000000000000000e+01 8.003091912907400740e-01
4.010000000000000000e+02 2.000000000000000000e+00 1.010000000000000000e+02 7.960874866266166583e-01
4.510000000000000000e+02 2.000000000000000000e+00 1.510000000000000000e+02 7.800313605519598736e-01
5.010000000000000000e+02 2.000000000000000000e+00 2.010000000000000000e+02 7.972974349571575470e-01
5.510000000000000000e+02 2.000000000000000000e+00 2.510000000000000000e+02 7.264069213949251314e-01
6.000000000000000000e+02 2.000000000000000000e+00 -1.000000000000000000e+00 7.985620666937461865e-01
6.510000000000000000e+02 3.000000000000000000e+00 5.100000000000000000e+01 8.019208944464633060e-01
7.010000000000000000e+02 3.000000000000000000e+00 1.010000000000000000e+02 7.997894454444300916e-01
7.510000000000000000e+02 3.000000000000000000e+00 1.510000000000000000e+02 7.844980257280560476e-01
8.010000000000000000e+02 3.000000000000000000e+00 2.010000000000000000e+02 7.469446943789047610e-01
8.510000000000000000e+02 3.000000000000000000e+00 2.510000000000000000e+02 7.509802744852105416e-01
9.000000000000000000e+02 3.000000000000000000e+00 -1.000000000000000000e+00 6.758649068693488582e-01
9.510000000000000000e+02 4.000000000000000000e+00 5.100000000000000000e+01 7.950069314020365985e-01
1.001000000000000000e+03 4.000000000000000000e+00 1.010000000000000000e+02 6.880754097744048448e-01
1.051000000000000000e+03 4.000000000000000000e+00 1.510000000000000000e+02 7.665151709681403691e-01
1.101000000000000000e+03 4.000000000000000000e+00 2.010000000000000000e+02 7.760285229568687493e-01
1.151000000000000000e+03 4.000000000000000000e+00 2.510000000000000000e+02 7.871434692639145414e-01
1.200000000000000000e+03 4.000000000000000000e+00 -1.000000000000000000e+00 7.893736441180944086e-01
1.251000000000000000e+03 5.000000000000000000e+00 5.100000000000000000e+01 7.592583771065268827e-01
1.301000000000000000e+03 5.000000000000000000e+00 1.010000000000000000e+02 7.565793105396686480e-01
1.351000000000000000e+03 5.000000000000000000e+00 1.510000000000000000e+02 7.954501723822894332e-01
1.401000000000000000e+03 5.000000000000000000e+00 2.010000000000000000e+02 7.888755315494418996e-01
1.451000000000000000e+03 5.000000000000000000e+00 2.510000000000000000e+02 7.852281742503055550e-01
1.500000000000000000e+03 5.000000000000000000e+00 -1.000000000000000000e+00 7.939142110266230734e-01
1.551000000000000000e+03 6.000000000000000000e+00 5.100000000000000000e+01 8.076309415018968485e-01
1.601000000000000000e+03 6.000000000000000000e+00 1.010000000000000000e+02 7.984714816860514208e-01
1.651000000000000000e+03 6.000000000000000000e+00 1.510000000000000000e+02 7.828709259541088983e-01
1.701000000000000000e+03 6.000000000000000000e+00 2.010000000000000000e+02 7.530074352561669793e-01
1.751000000000000000e+03 6.000000000000000000e+00 2.510000000000000000e+02 7.625840515501369765e-01
1.800000000000000000e+03 6.000000000000000000e+00 -1.000000000000000000e+00 7.353339186161855778e-01
1.851000000000000000e+03 7.000000000000000000e+00 5.100000000000000000e+01 7.667708819519648555e-01
1.901000000000000000e+03 7.000000000000000000e+00 1.010000000000000000e+02 7.656208429529888226e-01
1.951000000000000000e+03 7.000000000000000000e+00 1.510000000000000000e+02 7.645044145358346199e-01
2.001000000000000000e+03 7.000000000000000000e+00 2.010000000000000000e+02 7.918181791599361308e-01
2.051000000000000000e+03 7.000000000000000000e+00 2.510000000000000000e+02 7.679605104302218432e-01
2.100000000000000000e+03 7.000000000000000000e+00 -1.000000000000000000e+00 7.906864902117911598e-01
2.151000000000000000e+03 8.000000000000000000e+00 5.100000000000000000e+01 7.647798441024471483e-01
2.201000000000000000e+03 8.000000000000000000e+00 1.010000000000000000e+02 7.461403242062853991e-01
2.251000000000000000e+03 8.000000000000000000e+00 1.510000000000000000e+02 7.337374911025817958e-01
2.301000000000000000e+03 8.000000000000000000e+00 2.010000000000000000e+02 7.924777509215177318e-01
2.351000000000000000e+03 8.000000000000000000e+00 2.510000000000000000e+02 7.863776748733528610e-01
2.400000000000000000e+03 8.000000000000000000e+00 -1.000000000000000000e+00 7.724334572879354432e-01
2.451000000000000000e+03 9.000000000000000000e+00 5.100000000000000000e+01 7.923636780469747176e-01
2.501000000000000000e+03 9.000000000000000000e+00 1.010000000000000000e+02 7.685331152537238086e-01
2.551000000000000000e+03 9.000000000000000000e+00 1.510000000000000000e+02 7.725108841984291708e-01
2.601000000000000000e+03 9.000000000000000000e+00 2.010000000000000000e+02 7.880005809940894279e-01
2.651000000000000000e+03 9.000000000000000000e+00 2.510000000000000000e+02 7.604987351456559130e-01
2.700000000000000000e+03 9.000000000000000000e+00 -1.000000000000000000e+00 7.538352547031546003e-01
2.751000000000000000e+03 1.000000000000000000e+01 5.100000000000000000e+01 7.983963597766856601e-01
2.801000000000000000e+03 1.000000000000000000e+01 1.010000000000000000e+02 7.686798515357602390e-01
2.851000000000000000e+03 1.000000000000000000e+01 1.510000000000000000e+02 7.901093402733897486e-01
2.901000000000000000e+03 1.000000000000000000e+01 2.010000000000000000e+02 8.017420217226517432e-01
2.951000000000000000e+03 1.000000000000000000e+01 2.510000000000000000e+02 6.980959666728988600e-01
3.000000000000000000e+03 1.000000000000000000e+01 -1.000000000000000000e+00 7.706615578857884952e-01
3.051000000000000000e+03 1.100000000000000000e+01 5.100000000000000000e+01 7.940368872845723347e-01
3.101000000000000000e+03 1.100000000000000000e+01 1.010000000000000000e+02 7.831131824742605385e-01
3.151000000000000000e+03 1.100000000000000000e+01 1.510000000000000000e+02 7.834878475669746489e-01
3.201000000000000000e+03 1.100000000000000000e+01 2.010000000000000000e+02 7.865351601352845723e-01
3.251000000000000000e+03 1.100000000000000000e+01 2.510000000000000000e+02 7.735304650678905825e-01
3.300000000000000000e+03 1.100000000000000000e+01 -1.000000000000000000e+00 8.041725742655485565e-01
3.351000000000000000e+03 1.200000000000000000e+01 5.100000000000000000e+01 7.879710505119320585e-01
3.401000000000000000e+03 1.200000000000000000e+01 1.010000000000000000e+02 7.816429881631049570e-01
3.451000000000000000e+03 1.200000000000000000e+01 1.510000000000000000e+02 7.900758367375899649e-01
3.501000000000000000e+03 1.200000000000000000e+01 2.010000000000000000e+02 7.830502869443223268e-01
3.551000000000000000e+03 1.200000000000000000e+01 2.510000000000000000e+02 7.839370122713364974e-01
3.600000000000000000e+03 1.200000000000000000e+01 -1.000000000000000000e+00 7.758503694701931463e-01
3.651000000000000000e+03 1.300000000000000000e+01 5.100000000000000000e+01 7.909990078423431159e-01
3.701000000000000000e+03 1.300000000000000000e+01 1.010000000000000000e+02 7.532010889270616127e-01
3.751000000000000000e+03 1.300000000000000000e+01 1.510000000000000000e+02 7.873544563322050216e-01
3.801000000000000000e+03 1.300000000000000000e+01 2.010000000000000000e+02 7.821507062705539415e-01
3.851000000000000000e+03 1.300000000000000000e+01 2.510000000000000000e+02 7.892011453612310934e-01
3.900000000000000000e+03 1.300000000000000000e+01 -1.000000000000000000e+00 7.836975507956955855e-01
3.951000000000000000e+03 1.400000000000000000e+01 5.100000000000000000e+01 7.830047927175106670e-01
4.001000000000000000e+03 1.400000000000000000e+01 1.010000000000000000e+02 7.759594784516734567e-01
4.051000000000000000e+03 1.400000000000000000e+01 1.510000000000000000e+02 7.226769181024630395e-01
4.101000000000000000e+03 1.400000000000000000e+01 2.010000000000000000e+02 7.688548050706915937e-01
4.151000000000000000e+03 1.400000000000000000e+01 2.510000000000000000e+02 7.942240347293675340e-01
4.200000000000000000e+03 1.400000000000000000e+01 -1.000000000000000000e+00 7.919512289558375828e-01
4.251000000000000000e+03 1.500000000000000000e+01 5.100000000000000000e+01 7.481255496514408465e-01
4.301000000000000000e+03 1.500000000000000000e+01 1.010000000000000000e+02 7.639156969733515989e-01
4.351000000000000000e+03 1.500000000000000000e+01 1.510000000000000000e+02 7.842530521083618256e-01
4.401000000000000000e+03 1.500000000000000000e+01 2.010000000000000000e+02 7.667336799111086343e-01
4.451000000000000000e+03 1.500000000000000000e+01 2.510000000000000000e+02 7.807231385285715586e-01
4.500000000000000000e+03 1.500000000000000000e+01 -1.000000000000000000e+00 7.567395356193117317e-01
4.551000000000000000e+03 1.600000000000000000e+01 5.100000000000000000e+01 7.321976536765852916e-01
4.601000000000000000e+03 1.600000000000000000e+01 1.010000000000000000e+02 8.060269482179375222e-01
4.651000000000000000e+03 1.600000000000000000e+01 1.510000000000000000e+02 7.975254555034931858e-01
4.701000000000000000e+03 1.600000000000000000e+01 2.010000000000000000e+02 7.931037054461441693e-01
4.751000000000000000e+03 1.600000000000000000e+01 2.510000000000000000e+02 8.071232818399822762e-01
4.800000000000000000e+03 1.600000000000000000e+01 -1.000000000000000000e+00 8.057775155938834422e-01
4.851000000000000000e+03 1.700000000000000000e+01 5.100000000000000000e+01 7.998708166930749153e-01
4.901000000000000000e+03 1.700000000000000000e+01 1.010000000000000000e+02 8.106276518969248723e-01
4.951000000000000000e+03 1.700000000000000000e+01 1.510000000000000000e+02 8.003250592320778622e-01
5.001000000000000000e+03 1.700000000000000000e+01 2.010000000000000000e+02 7.930147153070400412e-01
5.051000000000000000e+03 1.700000000000000000e+01 2.510000000000000000e+02 7.864740525659775772e-01
5.100000000000000000e+03 1.700000000000000000e+01 -1.000000000000000000e+00 7.781406799587822221e-01
5.151000000000000000e+03 1.800000000000000000e+01 5.100000000000000000e+01 7.979747741100285952e-01
5.201000000000000000e+03 1.800000000000000000e+01 1.010000000000000000e+02 7.910881395344876443e-01
5.251000000000000000e+03 1.800000000000000000e+01 1.510000000000000000e+02 7.246751719056965246e-01
5.301000000000000000e+03 1.800000000000000000e+01 2.010000000000000000e+02 7.949036121178774117e-01
5.351000000000000000e+03 1.800000000000000000e+01 2.510000000000000000e+02 7.895634911781287402e-01
5.400000000000000000e+03 1.800000000000000000e+01 -1.000000000000000000e+00 7.893806237631383338e-01
5.451000000000000000e+03 1.900000000000000000e+01 5.100000000000000000e+01 7.929559203948078894e-01
5.501000000000000000e+03 1.900000000000000000e+01 1.010000000000000000e+02 7.807422778824455456e-01
5.551000000000000000e+03 1.900000000000000000e+01 1.510000000000000000e+02 8.003756531838597255e-01
5.601000000000000000e+03 1.900000000000000000e+01 2.010000000000000000e+02 7.931721417875310376e-01
5.651000000000000000e+03 1.900000000000000000e+01 2.510000000000000000e+02 7.965489813393779039e-01
5.700000000000000000e+03 1.900000000000000000e+01 -1.000000000000000000e+00 7.842489731401609543e-01
5.751000000000000000e+03 2.000000000000000000e+01 5.100000000000000000e+01 7.934076883562413141e-01
5.801000000000000000e+03 2.000000000000000000e+01 1.010000000000000000e+02 7.475523760280977648e-01
5.851000000000000000e+03 2.000000000000000000e+01 1.510000000000000000e+02 8.113361820421888249e-01
5.901000000000000000e+03 2.000000000000000000e+01 2.010000000000000000e+02 7.584527518951136305e-01
5.951000000000000000e+03 2.000000000000000000e+01 2.510000000000000000e+02 7.458227508035975006e-01
6.000000000000000000e+03 2.000000000000000000e+01 -1.000000000000000000e+00 7.500281822831627032e-01
6.051000000000000000e+03 2.100000000000000000e+01 5.100000000000000000e+01 7.687618166848345647e-01
6.101000000000000000e+03 2.100000000000000000e+01 1.010000000000000000e+02 7.895810894775247002e-01
6.151000000000000000e+03 2.100000000000000000e+01 1.510000000000000000e+02 7.727987727219035596e-01
6.201000000000000000e+03 2.100000000000000000e+01 2.010000000000000000e+02 7.855476037548906332e-01
6.251000000000000000e+03 2.100000000000000000e+01 2.510000000000000000e+02 8.003250877906632477e-01
6.300000000000000000e+03 2.100000000000000000e+01 -1.000000000000000000e+00 7.263030855370576910e-01
6.351000000000000000e+03 2.200000000000000000e+01 5.100000000000000000e+01 7.838774728605576447e-01
6.401000000000000000e+03 2.200000000000000000e+01 1.010000000000000000e+02 7.949521022330903186e-01
6.451000000000000000e+03 2.200000000000000000e+01 1.510000000000000000e+02 7.685491828444586115e-01
6.501000000000000000e+03 2.200000000000000000e+01 2.010000000000000000e+02 7.852494495685866660e-01
6.551000000000000000e+03 2.200000000000000000e+01 2.510000000000000000e+02 7.776568926882500010e-01
6.600000000000000000e+03 2.200000000000000000e+01 -1.000000000000000000e+00 7.793169152015286816e-01
6.651000000000000000e+03 2.300000000000000000e+01 5.100000000000000000e+01 7.908061353799749060e-01
6.701000000000000000e+03 2.300000000000000000e+01 1.010000000000000000e+02 7.359414315066297174e-01
6.751000000000000000e+03 2.300000000000000000e+01 1.510000000000000000e+02 8.034394016691180918e-01
6.801000000000000000e+03 2.300000000000000000e+01 2.010000000000000000e+02 7.974333370118241726e-01
6.851000000000000000e+03 2.300000000000000000e+01 2.510000000000000000e+02 7.962042844385598395e-01
6.900000000000000000e+03 2.300000000000000000e+01 -1.000000000000000000e+00 7.754276912152821000e-01
6.951000000000000000e+03 2.400000000000000000e+01 5.100000000000000000e+01 7.359770954380031593e-01
7.001000000000000000e+03 2.400000000000000000e+01 1.010000000000000000e+02 7.863781418680928503e-01
7.051000000000000000e+03 2.400000000000000000e+01 1.510000000000000000e+02 7.813304998179578797e-01
7.101000000000000000e+03 2.400000000000000000e+01 2.010000000000000000e+02 7.843301866762130148e-01
7.151000000000000000e+03 2.400000000000000000e+01 2.510000000000000000e+02 7.883531272145332114e-01
7.200000000000000000e+03 2.400000000000000000e+01 -1.000000000000000000e+00 7.961927585958814557e-01
7.251000000000000000e+03 2.500000000000000000e+01 5.100000000000000000e+01 7.944912806174572184e-01
7.301000000000000000e+03 2.500000000000000000e+01 1.010000000000000000e+02 8.023931010623062132e-01
7.351000000000000000e+03 2.500000000000000000e+01 1.510000000000000000e+02 8.090380034618345206e-01
7.401000000000000000e+03 2.500000000000000000e+01 2.010000000000000000e+02 8.034543813753083352e-01
7.451000000000000000e+03 2.500000000000000000e+01 2.510000000000000000e+02 7.913358555553605678e-01
7.500000000000000000e+03 2.500000000000000000e+01 -1.000000000000000000e+00 7.885512046509453032e-01
7.551000000000000000e+03 2.600000000000000000e+01 5.100000000000000000e+01 7.961377476432025535e-01
7.601000000000000000e+03 2.600000000000000000e+01 1.010000000000000000e+02 7.924649651712336595e-01
7.651000000000000000e+03 2.600000000000000000e+01 1.510000000000000000e+02 7.953526939467409074e-01
7.701000000000000000e+03 2.600000000000000000e+01 2.010000000000000000e+02 8.010900719651591340e-01
7.751000000000000000e+03 2.600000000000000000e+01 2.510000000000000000e+02 8.074752590360360083e-01
7.800000000000000000e+03 2.600000000000000000e+01 -1.000000000000000000e+00 7.925670895011494022e-01
7.851000000000000000e+03 2.700000000000000000e+01 5.100000000000000000e+01 7.870694356745367992e-01
7.901000000000000000e+03 2.700000000000000000e+01 1.010000000000000000e+02 7.698052508683753681e-01
7.951000000000000000e+03 2.700000000000000000e+01 1.510000000000000000e+02 7.671225654678208716e-01
8.001000000000000000e+03 2.700000000000000000e+01 2.010000000000000000e+02 8.004741772093740826e-01
8.051000000000000000e+03 2.700000000000000000e+01 2.510000000000000000e+02 7.185698804708893217e-01
8.100000000000000000e+03 2.700000000000000000e+01 -1.000000000000000000e+00 7.410961336242218866e-01
8.151000000000000000e+03 2.800000000000000000e+01 5.100000000000000000e+01 8.024542774482670282e-01
8.201000000000000000e+03 2.800000000000000000e+01 1.010000000000000000e+02 7.505867628697019400e-01
8.251000000000000000e+03 2.800000000000000000e+01 1.510000000000000000e+02 7.830986174072671613e-01
8.301000000000000000e+03 2.800000000000000000e+01 2.010000000000000000e+02 7.867438363742063068e-01
8.351000000000000000e+03 2.800000000000000000e+01 2.510000000000000000e+02 7.711731822339431552e-01
8.400000000000000000e+03 2.800000000000000000e+01 -1.000000000000000000e+00 7.759378443067862507e-01
8.451000000000000000e+03 2.900000000000000000e+01 5.100000000000000000e+01 7.685249016466837446e-01
8.501000000000000000e+03 2.900000000000000000e+01 1.010000000000000000e+02 7.821176164626971739e-01
8.551000000000000000e+03 2.900000000000000000e+01 1.510000000000000000e+02 7.592312053951765227e-01
8.601000000000000000e+03 2.900000000000000000e+01 2.010000000000000000e+02 7.583145363264642835e-01
8.651000000000000000e+03 2.900000000000000000e+01 2.510000000000000000e+02 7.930440028217919934e-01
8.700000000000000000e+03 2.900000000000000000e+01 -1.000000000000000000e+00 7.966287851888411709e-01
8.751000000000000000e+03 3.000000000000000000e+01 5.100000000000000000e+01 7.509795996698103160e-01
8.801000000000000000e+03 3.000000000000000000e+01 1.010000000000000000e+02 7.901769156209603739e-01
8.851000000000000000e+03 3.000000000000000000e+01 1.510000000000000000e+02 8.079321817820852569e-01
8.901000000000000000e+03 3.000000000000000000e+01 2.010000000000000000e+02 7.892880549151107816e-01
8.951000000000000000e+03 3.000000000000000000e+01 2.510000000000000000e+02 7.720988817062246490e-01
9.000000000000000000e+03 3.000000000000000000e+01 -1.000000000000000000e+00 7.874567497407015670e-01
