accuracy
Total Train iter	epoch	iter in epoch	validation accuracy
5.100000000000000000e+01 1.000000000000000000e+00 5.100000000000000000e+01 8.068237304687500555e-02
1.010000000000000000e+02 1.000000000000000000e+00 1.010000000000000000e+02 8.152313232421874722e-02
1.510000000000000000e+02 1.000000000000000000e+00 1.510000000000000000e+02 9.440307617187500278e-02
2.010000000000000000e+02 1.000000000000000000e+00 2.010000000000000000e+02 1.221267700195312472e-01
2.510000000000000000e+02 1.000000000000000000e+00 2.510000000000000000e+02 2.039627075195312444e-01
3.000000000000000000e+02 1.000000000000000000e+00 -1.000000000000000000e+00 1.573226928710937389e-01
3.510000000000000000e+02 2.000000000000000000e+00 5.100000000000000000e+01 2.212066650390625000e-01
4.010000000000000000e+02 2.000000000000000000e+00 1.010000000000000000e+02 2.096908569335937389e-01
4.510000000000000000e+02 2.000000000000000000e+00 1.510000000000000000e+02 2.275772094726562500e-01
5.010000000000000000e+02 2.000000000000000000e+00 2.010000000000000000e+02 2.132492065429687500e-01
5.510000000000000000e+02 2.000000000000000000e+00 2.510000000000000000e+02 2.366775512695312444e-01
6.000000000000000000e+02 2.000000000000000000e+00 -1.000000000000000000e+00 2.343170166015625111e-01
6.510000000000000000e+02 3.000000000000000000e+00 5.100000000000000000e+01 2.444412231445312611e-01
7.010000000000000000e+02 3.000000000000000000e+00 1.010000000000000000e+02 2.840072631835937611e-01
7.510000000000000000e+02 3.000000000000000000e+00 1.510000000000000000e+02 1.979187011718749889e-01
8.010000000000000000e+02 3.000000000000000000e+00 2.010000000000000000e+02 3.583374023437500000e-01
8.510000000000000000e+02 3.000000000000000000e+00 2.510000000000000000e+02 2.750534057617187722e-01
9.000000000000000000e+02 3.000000000000000000e+00 -1.000000000000000000e+00 2.693710327148437500e-01
9.510000000000000000e+02 4.000000000000000000e+00 5.100000000000000000e+01 2.004486083984375056e-01
1.001000000000000000e+03 4.000000000000000000e+00 1.010000000000000000e+02 2.760162353515625000e-01
1.051000000000000000e+03 4.000000000000000000e+00 1.510000000000000000e+02 2.559921264648437611e-01
1.101000000000000000e+03 4.000000000000000000e+00 2.010000000000000000e+02 2.999710083007812722e-01
1.151000000000000000e+03 4.000000000000000000e+00 2.510000000000000000e+02 3.324584960937500000e-01
1.200000000000000000e+03 4.000000000000000000e+00 -1.000000000000000000e+00 2.575881958007812389e-01
1.251000000000000000e+03 5.000000000000000000e+00 5.100000000000000000e+01 3.835159301757812278e-01
1.301000000000000000e+03 5.000000000000000000e+00 1.010000000000000000e+02 3.015670776367187500e-01
1.351000000000000000e+03 5.000000000000000000e+00 1.510000000000000000e+02 3.255966186523437389e-01
1.401000000000000000e+03 5.000000000000000000e+00 2.010000000000000000e+02 2.974304199218750222e-01
1.451000000000000000e+03 5.000000000000000000e+00 2.510000000000000000e+02 3.450363159179687389e-01
1.500000000000000000e+03 5.000000000000000000e+00 -1.000000000000000000e+00 2.784744262695312278e-01
1.551000000000000000e+03 6.000000000000000000e+00 5.100000000000000000e+01 2.568847656250000111e-01
1.601000000000000000e+03 6.000000000000000000e+00 1.010000000000000000e+02 3.624664306640624778e-01
1.651000000000000000e+03 6.000000000000000000e+00 1.510000000000000000e+02 3.651748657226562278e-01
1.701000000000000000e+03 6.000000000000000000e+00 2.010000000000000000e+02 3.806701660156249778e-01
1.751000000000000000e+03 6.000000000000000000e+00 2.510000000000000000e+02 3.203201293945312500e-01
1.800000000000000000e+03 6.000000000000000000e+00 -1.000000000000000000e+00 3.747467041015625222e-01
1.851000000000000000e+03 7.000000000000000000e+00 5.100000000000000000e+01 3.646942138671874778e-01
1.901000000000000000e+03 7.000000000000000000e+00 1.010000000000000000e+02 2.511657714843750222e-01
1.951000000000000000e+03 7.000000000000000000e+00 1.510000000000000000e+02 2.952484130859375222e-01
2.001000000000000000e+03 7.000000000000000000e+00 2.010000000000000000e+02 3.803421020507812278e-01
2.051000000000000000e+03 7.000000000000000000e+00 2.510000000000000000e+02 3.373336791992187500e-01
2.100000000000000000e+03 7.000000000000000000e+00 -1.000000000000000000e+00 4.237274169921875222e-01
2.151000000000000000e+03 8.000000000000000000e+00 5.100000000000000000e+01 3.581420898437500111e-01
2.201000000000000000e+03 8.000000000000000000e+00 1.010000000000000000e+02 3.848541259765624889e-01
2.251000000000000000e+03 8.000000000000000000e+00 1.510000000000000000e+02 3.202545166015625111e-01
2.301000000000000000e+03 8.000000000000000000e+00 2.010000000000000000e+02 4.663482666015624778e-01
2.351000000000000000e+03 8.000000000000000000e+00 2.510000000000000000e+02 3.690994262695312389e-01
2.400000000000000000e+03 8.000000000000000000e+00 -1.000000000000000000e+00 4.104934692382812278e-01
2.451000000000000000e+03 9.000000000000000000e+00 5.100000000000000000e+01 3.551345825195312278e-01
2.501000000000000000e+03 9.000000000000000000e+00 1.010000000000000000e+02 3.605056762695312278e-01
2.551000000000000000e+03 9.000000000000000000e+00 1.510000000000000000e+02 4.051467895507812611e-01
2.601000000000000000e+03 9.000000000000000000e+00 2.010000000000000000e+02 3.872467041015624778e-01
2.651000000000000000e+03 9.000000000000000000e+00 2.510000000000000000e+02 3.834640502929687611e-01
2.700000000000000000e+03 9.000000000000000000e+00 -1.000000000000000000e+00 4.391204833984375111e-01
2.751000000000000000e+03 1.000000000000000000e+01 5.100000000000000000e+01 4.907516479492187722e-01
2.801000000000000000e+03 1.000000000000000000e+01 1.010000000000000000e+02 4.423568725585937389e-01
2.851000000000000000e+03 1.000000000000000000e+01 1.510000000000000000e+02 3.927383422851562500e-01
2.901000000000000000e+03 1.000000000000000000e+01 2.010000000000000000e+02 3.641952514648437722e-01
2.951000000000000000e+03 1.000000000000000000e+01 2.510000000000000000e+02 3.969696044921874889e-01
3.000000000000000000e+03 1.000000000000000000e+01 -1.000000000000000000e+00 3.437286376953124778e-01
3.051000000000000000e+03 1.100000000000000000e+01 5.100000000000000000e+01 5.463760375976562944e-01
3.101000000000000000e+03 1.100000000000000000e+01 1.010000000000000000e+02 2.961364746093749778e-01
3.151000000000000000e+03 1.100000000000000000e+01 1.510000000000000000e+02 5.061416625976562500e-01
3.201000000000000000e+03 1.100000000000000000e+01 2.010000000000000000e+02 4.339431762695312722e-01
3.251000000000000000e+03 1.100000000000000000e+01 2.510000000000000000e+02 5.028747558593750222e-01
3.300000000000000000e+03 1.100000000000000000e+01 -1.000000000000000000e+00 4.170745849609375222e-01
3.351000000000000000e+03 1.200000000000000000e+01 5.100000000000000000e+01 5.682174682617187056e-01
3.401000000000000000e+03 1.200000000000000000e+01 1.010000000000000000e+02 4.247955322265625222e-01
3.451000000000000000e+03 1.200000000000000000e+01 1.510000000000000000e+02 4.780792236328125222e-01
3.501000000000000000e+03 1.200000000000000000e+01 2.010000000000000000e+02 4.851257324218750111e-01
3.551000000000000000e+03 1.200000000000000000e+01 2.510000000000000000e+02 4.426208496093749778e-01
3.600000000000000000e+03 1.200000000000000000e+01 -1.000000000000000000e+00 4.269088745117187722e-01
3.651000000000000000e+03 1.300000000000000000e+01 5.100000000000000000e+01 4.071426391601562500e-01
3.701000000000000000e+03 1.300000000000000000e+01 1.010000000000000000e+02 5.569061279296875222e-01
3.751000000000000000e+03 1.300000000000000000e+01 1.510000000000000000e+02 3.825836181640625000e-01
3.801000000000000000e+03 1.300000000000000000e+01 2.010000000000000000e+02 4.104476928710937278e-01
3.851000000000000000e+03 1.300000000000000000e+01 2.510000000000000000e+02 4.706039428710937500e-01
3.900000000000000000e+03 1.300000000000000000e+01 -1.000000000000000000e+00 4.864212036132812278e-01
3.951000000000000000e+03 1.400000000000000000e+01 5.100000000000000000e+01 5.822387695312499778e-01
4.001000000000000000e+03 1.400000000000000000e+01 1.010000000000000000e+02 5.006759643554687944e-01
4.051000000000000000e+03 1.400000000000000000e+01 1.510000000000000000e+02 5.474899291992187944e-01
4.101000000000000000e+03 1.400000000000000000e+01 2.010000000000000000e+02 4.463317871093749889e-01
4.151000000000000000e+03 1.400000000000000000e+01 2.510000000000000000e+02 4.704330444335937389e-01
4.200000000000000000e+03 1.400000000000000000e+01 -1.000000000000000000e+00 5.222885131835937056e-01
4.251000000000000000e+03 1.500000000000000000e+01 5.100000000000000000e+01 4.955703735351562611e-01
4.301000000000000000e+03 1.500000000000000000e+01 1.010000000000000000e+02 4.574752807617187278e-01
4.351000000000000000e+03 1.500000000000000000e+01 1.510000000000000000e+02 5.122634887695312056e-01
4.401000000000000000e+03 1.500000000000000000e+01 2.010000000000000000e+02 3.736862182617187722e-01
4.451000000000000000e+03 1.500000000000000000e+01 2.510000000000000000e+02 3.896759033203124889e-01
4.500000000000000000e+03 1.500000000000000000e+01 -1.000000000000000000e+00 4.913864135742187500e-01
4.551000000000000000e+03 1.600000000000000000e+01 5.100000000000000000e+01 5.300659179687500222e-01
4.601000000000000000e+03 1.600000000000000000e+01 1.010000000000000000e+02 5.381362915039062944e-01
4.651000000000000000e+03 1.600000000000000000e+01 1.510000000000000000e+02 4.485977172851562389e-01
4.701000000000000000e+03 1.600000000000000000e+01 2.010000000000000000e+02 5.657699584960937944e-01
4.751000000000000000e+03 1.600000000000000000e+01 2.510000000000000000e+02 5.054092407226562500e-01
4.800000000000000000e+03 1.600000000000000000e+01 -1.000000000000000000e+00 6.068420410156250000e-01
4.851000000000000000e+03 1.700000000000000000e+01 5.100000000000000000e+01 5.288146972656250222e-01
4.901000000000000000e+03 1.700000000000000000e+01 1.010000000000000000e+02 5.058242797851562056e-01
4.951000000000000000e+03 1.700000000000000000e+01 1.510000000000000000e+02 6.194595336914062722e-01
5.001000000000000000e+03 1.700000000000000000e+01 2.010000000000000000e+02 6.210037231445312278e-01
5.051000000000000000e+03 1.700000000000000000e+01 2.510000000000000000e+02 6.193695068359375000e-01
5.100000000000000000e+03 1.700000000000000000e+01 -1.000000000000000000e+00 5.735260009765624778e-01
5.151000000000000000e+03 1.800000000000000000e+01 5.100000000000000000e+01 5.768936157226562944e-01
5.201000000000000000e+03 1.800000000000000000e+01 1.010000000000000000e+02 4.895660400390625111e-01
5.251000000000000000e+03 1.800000000000000000e+01 1.510000000000000000e+02 6.276473999023437500e-01
5.301000000000000000e+03 1.800000000000000000e+01 2.010000000000000000e+02 5.948608398437500444e-01
5.351000000000000000e+03 1.800000000000000000e+01 2.510000000000000000e+02 6.090194702148437056e-01
5.400000000000000000e+03 1.800000000000000000e+01 -1.000000000000000000e+00 5.602584838867187278e-01
5.451000000000000000e+03 1.900000000000000000e+01 5.100000000000000000e+01 5.658935546875000222e-01
5.501000000000000000e+03 1.900000000000000000e+01 1.010000000000000000e+02 5.753799438476562278e-01
5.551000000000000000e+03 1.900000000000000000e+01 1.510000000000000000e+02 6.061370849609375444e-01
5.601000000000000000e+03 1.900000000000000000e+01 2.010000000000000000e+02 5.835174560546875222e-01
5.651000000000000000e+03 1.900000000000000000e+01 2.510000000000000000e+02 6.500885009765624556e-01
5.700000000000000000e+03 1.900000000000000000e+01 -1.000000000000000000e+00 5.439712524414062056e-01
5.751000000000000000e+03 2.000000000000000000e+01 5.100000000000000000e+01 5.756683349609375000e-01
5.801000000000000000e+03 2.000000000000000000e+01 1.010000000000000000e+02 5.962890625000000222e-01
5.851000000000000000e+03 2.000000000000000000e+01 1.510000000000000000e+02 4.488250732421875111e-01
5.901000000000000000e+03 2.000000000000000000e+01 2.010000000000000000e+02 6.323410034179687278e-01
5.951000000000000000e+03 2.000000000000000000e+01 2.510000000000000000e+02 5.896362304687500222e-01
6.000000000000000000e+03 2.000000000000000000e+01 -1.000000000000000000e+00 5.114425659179687722e-01
6.051000000000000000e+03 2.100000000000000000e+01 5.100000000000000000e+01 6.246673583984374556e-01
6.101000000000000000e+03 2.100000000000000000e+01 1.010000000000000000e+02 6.617095947265625444e-01
6.151000000000000000e+03 2.100000000000000000e+01 1.510000000000000000e+02 4.187835693359375222e-01
6.201000000000000000e+03 2.100000000000000000e+01 2.010000000000000000e+02 4.175552368164062722e-01
6.251000000000000000e+03 2.100000000000000000e+01 2.510000000000000000e+02 6.080474853515625000e-01
6.300000000000000000e+03 2.100000000000000000e+01 -1.000000000000000000e+00 5.762435913085937056e-01
6.351000000000000000e+03 2.200000000000000000e+01 5.100000000000000000e+01 6.541244506835937056e-01
6.401000000000000000e+03 2.200000000000000000e+01 1.010000000000000000e+02 6.289169311523437056e-01
6.451000000000000000e+03 2.200000000000000000e+01 1.510000000000000000e+02 6.420669555664062500e-01
6.501000000000000000e+03 2.200000000000000000e+01 2.010000000000000000e+02 6.148071289062500000e-01
6.551000000000000000e+03 2.200000000000000000e+01 2.510000000000000000e+02 5.838378906250000222e-01
6.600000000000000000e+03 2.200000000000000000e+01 -1.000000000000000000e+00 5.100097656250000000e-01
6.651000000000000000e+03 2.300000000000000000e+01 5.100000000000000000e+01 6.657302856445312944e-01
6.701000000000000000e+03 2.300000000000000000e+01 1.010000000000000000e+02 6.868591308593750000e-01
6.751000000000000000e+03 2.300000000000000000e+01 1.510000000000000000e+02 6.211364746093750444e-01
6.801000000000000000e+03 2.300000000000000000e+01 2.010000000000000000e+02 4.958786010742187722e-01
6.851000000000000000e+03 2.300000000000000000e+01 2.510000000000000000e+02 5.438507080078125444e-01
6.900000000000000000e+03 2.300000000000000000e+01 -1.000000000000000000e+00 6.277099609374999778e-01
6.951000000000000000e+03 2.400000000000000000e+01 5.100000000000000000e+01 6.623886108398437944e-01
7.001000000000000000e+03 2.400000000000000000e+01 1.010000000000000000e+02 5.151718139648437944e-01
7.051000000000000000e+03 2.400000000000000000e+01 1.510000000000000000e+02 6.321426391601562278e-01
7.101000000000000000e+03 2.400000000000000000e+01 2.010000000000000000e+02 5.644515991210937722e-01
7.151000000000000000e+03 2.400000000000000000e+01 2.510000000000000000e+02 6.124771118164062944e-01
7.200000000000000000e+03 2.400000000000000000e+01 -1.000000000000000000e+00 7.124694824218750222e-01
7.251000000000000000e+03 2.500000000000000000e+01 5.100000000000000000e+01 6.436492919921874556e-01
7.301000000000000000e+03 2.500000000000000000e+01 1.010000000000000000e+02 6.161468505859375444e-01
7.351000000000000000e+03 2.500000000000000000e+01 1.510000000000000000e+02 6.016662597656250444e-01
7.401000000000000000e+03 2.500000000000000000e+01 2.010000000000000000e+02 6.308181762695312944e-01
7.451000000000000000e+03 2.500000000000000000e+01 2.510000000000000000e+02 4.843093872070312611e-01
7.500000000000000000e+03 2.500000000000000000e+01 -1.000000000000000000e+00 7.179000854492187944e-01
7.551000000000000000e+03 2.600000000000000000e+01 5.100000000000000000e+01 7.170608520507812944e-01
7.601000000000000000e+03 2.600000000000000000e+01 1.010000000000000000e+02 6.670928955078124778e-01
7.651000000000000000e+03 2.600000000000000000e+01 1.510000000000000000e+02 6.164932250976562500e-01
7.701000000000000000e+03 2.600000000000000000e+01 2.010000000000000000e+02 6.480285644531249556e-01
7.751000000000000000e+03 2.600000000000000000e+01 2.510000000000000000e+02 4.699813842773437611e-01
7.800000000000000000e+03 2.600000000000000000e+01 -1.000000000000000000e+00 6.059875488281250000e-01
7.851000000000000000e+03 2.700000000000000000e+01 5.100000000000000000e+01 6.868484497070312944e-01
7.901000000000000000e+03 2.700000000000000000e+01 1.010000000000000000e+02 6.328308105468749556e-01
7.951000000000000000e+03 2.700000000000000000e+01 1.510000000000000000e+02 7.429260253906250222e-01
8.001000000000000000e+03 2.700000000000000000e+01 2.010000000000000000e+02 7.443099975585937278e-01
8.051000000000000000e+03 2.700000000000000000e+01 2.510000000000000000e+02 6.717346191406250444e-01
8.100000000000000000e+03 2.700000000000000000e+01 -1.000000000000000000e+00 5.517761230468749556e-01
8.151000000000000000e+03 2.800000000000000000e+01 5.100000000000000000e+01 6.412353515625000000e-01
8.201000000000000000e+03 2.800000000000000000e+01 1.010000000000000000e+02 6.381011962890624778e-01
8.251000000000000000e+03 2.800000000000000000e+01 1.510000000000000000e+02 5.636749267578125000e-01
8.301000000000000000e+03 2.800000000000000000e+01 2.010000000000000000e+02 6.063186645507812056e-01
8.351000000000000000e+03 2.800000000000000000e+01 2.510000000000000000e+02 6.521102905273437056e-01
8.400000000000000000e+03 2.800000000000000000e+01 -1.000000000000000000e+00 6.288040161132812944e-01
8.451000000000000000e+03 2.900000000000000000e+01 5.100000000000000000e+01 6.833297729492187056e-01
8.501000000000000000e+03 2.900000000000000000e+01 1.010000000000000000e+02 6.700561523437500444e-01
8.551000000000000000e+03 2.900000000000000000e+01 1.510000000000000000e+02 6.690902709960937500e-01
8.601000000000000000e+03 2.900000000000000000e+01 2.010000000000000000e+02 5.021286010742187500e-01
8.651000000000000000e+03 2.900000000000000000e+01 2.510000000000000000e+02 6.561798095703125222e-01
8.700000000000000000e+03 2.900000000000000000e+01 -1.000000000000000000e+00 5.745574951171874556e-01
8.751000000000000000e+03 3.000000000000000000e+01 5.100000000000000000e+01 6.856292724609375222e-01
8.801000000000000000e+03 3.000000000000000000e+01 1.010000000000000000e+02 7.352874755859375444e-01
8.851000000000000000e+03 3.000000000000000000e+01 1.510000000000000000e+02 6.605575561523437944e-01
8.901000000000000000e+03 3.000000000000000000e+01 2.010000000000000000e+02 5.753402709960937500e-01
8.951000000000000000e+03 3.000000000000000000e+01 2.510000000000000000e+02 6.258865356445312278e-01
9.000000000000000000e+03 3.000000000000000000e+01 -1.000000000000000000e+00 6.717407226562499556e-01
9.051000000000000000e+03 3.100000000000000000e+01 5.100000000000000000e+01 6.706176757812499778e-01
9.101000000000000000e+03 3.100000000000000000e+01 1.010000000000000000e+02 5.830383300781250000e-01
9.151000000000000000e+03 3.100000000000000000e+01 1.510000000000000000e+02 7.076965332031249778e-01
9.201000000000000000e+03 3.100000000000000000e+01 2.010000000000000000e+02 5.851928710937499556e-01
9.251000000000000000e+03 3.100000000000000000e+01 2.510000000000000000e+02 6.557205200195312944e-01
9.300000000000000000e+03 3.100000000000000000e+01 -1.000000000000000000e+00 6.623641967773437056e-01
9.351000000000000000e+03 3.200000000000000000e+01 5.100000000000000000e+01 6.405700683593750222e-01
9.401000000000000000e+03 3.200000000000000000e+01 1.010000000000000000e+02 5.752639770507812500e-01
9.451000000000000000e+03 3.200000000000000000e+01 1.510000000000000000e+02 6.539123535156250444e-01
9.501000000000000000e+03 3.200000000000000000e+01 2.010000000000000000e+02 6.806289672851562056e-01
9.551000000000000000e+03 3.200000000000000000e+01 2.510000000000000000e+02 6.555068969726562944e-01
9.600000000000000000e+03 3.200000000000000000e+01 -1.000000000000000000e+00 6.999771118164062056e-01
9.651000000000000000e+03 3.300000000000000000e+01 5.100000000000000000e+01 6.242752075195312500e-01
9.701000000000000000e+03 3.300000000000000000e+01 1.010000000000000000e+02 6.980010986328124556e-01
9.751000000000000000e+03 3.300000000000000000e+01 1.510000000000000000e+02 6.636001586914062056e-01
9.801000000000000000e+03 3.300000000000000000e+01 2.010000000000000000e+02 6.132308959960937056e-01
9.851000000000000000e+03 3.300000000000000000e+01 2.510000000000000000e+02 6.192764282226562722e-01
9.900000000000000000e+03 3.300000000000000000e+01 -1.000000000000000000e+00 6.479492187500000000e-01
9.951000000000000000e+03 3.400000000000000000e+01 5.100000000000000000e+01 6.464538574218750000e-01
1.000100000000000000e+04 3.400000000000000000e+01 1.010000000000000000e+02 7.020507812499999778e-01
1.005100000000000000e+04 3.400000000000000000e+01 1.510000000000000000e+02 7.303375244140625222e-01
1.010100000000000000e+04 3.400000000000000000e+01 2.010000000000000000e+02 7.068862915039062500e-01
1.015100000000000000e+04 3.400000000000000000e+01 2.510000000000000000e+02 6.424987792968750444e-01
1.020000000000000000e+04 3.400000000000000000e+01 -1.000000000000000000e+00 6.528808593749999556e-01
1.025100000000000000e+04 3.500000000000000000e+01 5.100000000000000000e+01 7.320724487304687278e-01
1.030100000000000000e+04 3.500000000000000000e+01 1.010000000000000000e+02 6.534088134765625444e-01
1.035100000000000000e+04 3.500000000000000000e+01 1.510000000000000000e+02 7.252685546874999556e-01
1.040100000000000000e+04 3.500000000000000000e+01 2.010000000000000000e+02 6.325180053710937056e-01
1.045100000000000000e+04 3.500000000000000000e+01 2.510000000000000000e+02 7.460250854492187500e-01
1.050000000000000000e+04 3.500000000000000000e+01 -1.000000000000000000e+00 6.110305786132812500e-01
1.055100000000000000e+04 3.600000000000000000e+01 5.100000000000000000e+01 5.976455688476562944e-01
1.060100000000000000e+04 3.600000000000000000e+01 1.010000000000000000e+02 6.670257568359374556e-01
1.065100000000000000e+04 3.600000000000000000e+01 1.510000000000000000e+02 7.031997680664062722e-01
1.070100000000000000e+04 3.600000000000000000e+01 2.010000000000000000e+02 5.928375244140624556e-01
1.075100000000000000e+04 3.600000000000000000e+01 2.510000000000000000e+02 6.738357543945312500e-01
1.080000000000000000e+04 3.600000000000000000e+01 -1.000000000000000000e+00 6.858734130859375222e-01
1.085100000000000000e+04 3.700000000000000000e+01 5.100000000000000000e+01 7.118469238281249778e-01
1.090100000000000000e+04 3.700000000000000000e+01 1.010000000000000000e+02 6.599777221679687944e-01
1.095100000000000000e+04 3.700000000000000000e+01 1.510000000000000000e+02 7.213531494140624778e-01
1.100100000000000000e+04 3.700000000000000000e+01 2.010000000000000000e+02 6.713058471679687056e-01
1.105100000000000000e+04 3.700000000000000000e+01 2.510000000000000000e+02 7.194000244140624778e-01
1.110000000000000000e+04 3.700000000000000000e+01 -1.000000000000000000e+00 7.279373168945312278e-01
1.115100000000000000e+04 3.800000000000000000e+01 5.100000000000000000e+01 6.766754150390624778e-01
1.120100000000000000e+04 3.800000000000000000e+01 1.010000000000000000e+02 6.746215820312500000e-01
1.125100000000000000e+04 3.800000000000000000e+01 1.510000000000000000e+02 6.390777587890624778e-01
1.130100000000000000e+04 3.800000000000000000e+01 2.010000000000000000e+02 7.149078369140624556e-01
1.135100000000000000e+04 3.800000000000000000e+01 2.510000000000000000e+02 7.289169311523437944e-01
1.140000000000000000e+04 3.800000000000000000e+01 -1.000000000000000000e+00 7.103271484375000000e-01
1.145100000000000000e+04 3.900000000000000000e+01 5.100000000000000000e+01 6.812667846679687500e-01
1.150100000000000000e+04 3.900000000000000000e+01 1.010000000000000000e+02 7.584274291992187944e-01
1.155100000000000000e+04 3.900000000000000000e+01 1.510000000000000000e+02 6.036880493164062944e-01
1.160100000000000000e+04 3.900000000000000000e+01 2.010000000000000000e+02 7.162597656250000444e-01
1.165100000000000000e+04 3.900000000000000000e+01 2.510000000000000000e+02 7.271072387695312056e-01
1.170000000000000000e+04 3.900000000000000000e+01 -1.000000000000000000e+00 6.806457519531250444e-01
1.175100000000000000e+04 4.000000000000000000e+01 5.100000000000000000e+01 7.348571777343749778e-01
1.180100000000000000e+04 4.000000000000000000e+01 1.010000000000000000e+02 7.703216552734375444e-01
1.185100000000000000e+04 4.000000000000000000e+01 1.510000000000000000e+02 6.761489868164062278e-01
1.190100000000000000e+04 4.000000000000000000e+01 2.010000000000000000e+02 6.981445312499999778e-01
1.195100000000000000e+04 4.000000000000000000e+01 2.510000000000000000e+02 6.868972778320312500e-01
1.200000000000000000e+04 4.000000000000000000e+01 -1.000000000000000000e+00 6.781295776367187722e-01
1.205100000000000000e+04 4.100000000000000000e+01 5.100000000000000000e+01 6.822128295898437500e-01
1.210100000000000000e+04 4.100000000000000000e+01 1.010000000000000000e+02 6.805984497070312056e-01
1.215100000000000000e+04 4.100000000000000000e+01 1.510000000000000000e+02 6.387847900390625222e-01
1.220100000000000000e+04 4.100000000000000000e+01 2.010000000000000000e+02 6.903091430664062278e-01
1.225100000000000000e+04 4.100000000000000000e+01 2.510000000000000000e+02 6.462432861328124556e-01
1.230000000000000000e+04 4.100000000000000000e+01 -1.000000000000000000e+00 7.273941040039062500e-01
1.235100000000000000e+04 4.200000000000000000e+01 5.100000000000000000e+01 7.559509277343750000e-01
1.240100000000000000e+04 4.200000000000000000e+01 1.010000000000000000e+02 7.235824584960937056e-01
1.245100000000000000e+04 4.200000000000000000e+01 1.510000000000000000e+02 7.414474487304687500e-01
1.250100000000000000e+04 4.200000000000000000e+01 2.010000000000000000e+02 7.061370849609375222e-01
1.255100000000000000e+04 4.200000000000000000e+01 2.510000000000000000e+02 6.894424438476562944e-01
1.260000000000000000e+04 4.200000000000000000e+01 -1.000000000000000000e+00 6.522308349609374778e-01
1.265100000000000000e+04 4.300000000000000000e+01 5.100000000000000000e+01 7.051300048828125222e-01
1.270100000000000000e+04 4.300000000000000000e+01 1.010000000000000000e+02 6.813400268554687944e-01
1.275100000000000000e+04 4.300000000000000000e+01 1.510000000000000000e+02 7.789062500000000222e-01
1.280100000000000000e+04 4.300000000000000000e+01 2.010000000000000000e+02 7.285461425781250000e-01
1.285100000000000000e+04 4.300000000000000000e+01 2.510000000000000000e+02 7.317947387695312722e-01
1.290000000000000000e+04 4.300000000000000000e+01 -1.000000000000000000e+00 6.273452758789062056e-01
1.295100000000000000e+04 4.400000000000000000e+01 5.100000000000000000e+01 7.615493774414062722e-01
1.300100000000000000e+04 4.400000000000000000e+01 1.010000000000000000e+02 7.242904663085937278e-01
1.305100000000000000e+04 4.400000000000000000e+01 1.510000000000000000e+02 7.161437988281249556e-01
1.310100000000000000e+04 4.400000000000000000e+01 2.010000000000000000e+02 7.865081787109374778e-01
1.315100000000000000e+04 4.400000000000000000e+01 2.510000000000000000e+02 6.862747192382812056e-01
1.320000000000000000e+04 4.400000000000000000e+01 -1.000000000000000000e+00 7.593627929687499778e-01
1.325100000000000000e+04 4.500000000000000000e+01 5.100000000000000000e+01 7.075592041015624778e-01
1.330100000000000000e+04 4.500000000000000000e+01 1.010000000000000000e+02 6.888519287109374778e-01
1.335100000000000000e+04 4.500000000000000000e+01 1.510000000000000000e+02 7.462829589843750222e-01
1.340100000000000000e+04 4.500000000000000000e+01 2.010000000000000000e+02 7.516510009765624556e-01
1.345100000000000000e+04 4.500000000000000000e+01 2.510000000000000000e+02 7.140182495117187722e-01
1.350000000000000000e+04 4.500000000000000000e+01 -1.000000000000000000e+00 7.447677612304687278e-01
1.355100000000000000e+04 4.600000000000000000e+01 5.100000000000000000e+01 7.338150024414062944e-01
1.360100000000000000e+04 4.600000000000000000e+01 1.010000000000000000e+02 7.287216186523437500e-01
1.365100000000000000e+04 4.600000000000000000e+01 1.510000000000000000e+02 7.570190429687500000e-01
1.370100000000000000e+04 4.600000000000000000e+01 2.010000000000000000e+02 7.897308349609375444e-01
1.375100000000000000e+04 4.600000000000000000e+01 2.510000000000000000e+02 7.692810058593749778e-01
1.380000000000000000e+04 4.600000000000000000e+01 -1.000000000000000000e+00 7.058517456054687056e-01
1.385100000000000000e+04 4.700000000000000000e+01 5.100000000000000000e+01 6.622711181640624778e-01
1.390100000000000000e+04 4.700000000000000000e+01 1.010000000000000000e+02 7.241394042968749556e-01
1.395100000000000000e+04 4.700000000000000000e+01 1.510000000000000000e+02 7.271545410156250444e-01
1.400100000000000000e+04 4.700000000000000000e+01 2.010000000000000000e+02 7.620513916015625444e-01
1.405100000000000000e+04 4.700000000000000000e+01 2.510000000000000000e+02 6.679214477539062722e-01
1.410000000000000000e+04 4.700000000000000000e+01 -1.000000000000000000e+00 7.896011352539062944e-01
1.415100000000000000e+04 4.800000000000000000e+01 5.100000000000000000e+01 7.387329101562499778e-01
1.420100000000000000e+04 4.800000000000000000e+01 1.010000000000000000e+02 7.383590698242187278e-01
1.425100000000000000e+04 4.800000000000000000e+01 1.510000000000000000e+02 7.198272705078124778e-01
1.430100000000000000e+04 4.800000000000000000e+01 2.010000000000000000e+02 7.791824340820312500e-01
1.435100000000000000e+04 4.800000000000000000e+01 2.510000000000000000e+02 7.478958129882812278e-01
1.440000000000000000e+04 4.800000000000000000e+01 -1.000000000000000000e+00 7.533538818359375444e-01
1.445100000000000000e+04 4.900000000000000000e+01 5.100000000000000000e+01 7.212249755859374556e-01
1.450100000000000000e+04 4.900000000000000000e+01 1.010000000000000000e+02 7.549682617187499778e-01
1.455100000000000000e+04 4.900000000000000000e+01 1.510000000000000000e+02 7.464141845703125000e-01
1.460100000000000000e+04 4.900000000000000000e+01 2.010000000000000000e+02 6.923263549804687944e-01
1.465100000000000000e+04 4.900000000000000000e+01 2.510000000000000000e+02 7.416503906250000444e-01
1.470000000000000000e+04 4.900000000000000000e+01 -1.000000000000000000e+00 6.465850830078124778e-01
1.475100000000000000e+04 5.000000000000000000e+01 5.100000000000000000e+01 7.663238525390625444e-01
1.480100000000000000e+04 5.000000000000000000e+01 1.010000000000000000e+02 7.440963745117187278e-01
1.485100000000000000e+04 5.000000000000000000e+01 1.510000000000000000e+02 7.444030761718749556e-01
1.490100000000000000e+04 5.000000000000000000e+01 2.010000000000000000e+02 7.368682861328125222e-01
1.495100000000000000e+04 5.000000000000000000e+01 2.510000000000000000e+02 6.744705200195312278e-01
1.500000000000000000e+04 5.000000000000000000e+01 -1.000000000000000000e+00 7.515197753906249778e-01
1.505100000000000000e+04 5.100000000000000000e+01 5.100000000000000000e+01 7.151290893554687056e-01
1.510100000000000000e+04 5.100000000000000000e+01 1.010000000000000000e+02 7.436950683593750444e-01
1.515100000000000000e+04 5.100000000000000000e+01 1.510000000000000000e+02 7.631774902343749778e-01
1.520100000000000000e+04 5.100000000000000000e+01 2.010000000000000000e+02 7.492263793945312944e-01
1.525100000000000000e+04 5.100000000000000000e+01 2.510000000000000000e+02 7.311294555664062944e-01
1.530000000000000000e+04 5.100000000000000000e+01 -1.000000000000000000e+00 7.197952270507812500e-01
1.535100000000000000e+04 5.200000000000000000e+01 5.100000000000000000e+01 7.343612670898437278e-01
1.540100000000000000e+04 5.200000000000000000e+01 1.010000000000000000e+02 7.548263549804687944e-01
1.545100000000000000e+04 5.200000000000000000e+01 1.510000000000000000e+02 7.556716918945312056e-01
1.550100000000000000e+04 5.200000000000000000e+01 2.010000000000000000e+02 7.604995727539062278e-01
1.555100000000000000e+04 5.200000000000000000e+01 2.510000000000000000e+02 7.361755371093750000e-01
1.560000000000000000e+04 5.200000000000000000e+01 -1.000000000000000000e+00 7.465316772460937056e-01
1.565100000000000000e+04 5.300000000000000000e+01 5.100000000000000000e+01 7.876327514648437944e-01
1.570100000000000000e+04 5.300000000000000000e+01 1.010000000000000000e+02 7.126571655273437056e-01
1.575100000000000000e+04 5.300000000000000000e+01 1.510000000000000000e+02 7.571685791015625444e-01
1.580100000000000000e+04 5.300000000000000000e+01 2.010000000000000000e+02 7.488159179687500222e-01
1.585100000000000000e+04 5.300000000000000000e+01 2.510000000000000000e+02 7.355285644531249778e-01
1.590000000000000000e+04 5.300000000000000000e+01 -1.000000000000000000e+00 7.448623657226562944e-01
1.595100000000000000e+04 5.400000000000000000e+01 5.100000000000000000e+01 7.118240356445312278e-01
1.600100000000000000e+04 5.400000000000000000e+01 1.010000000000000000e+02 7.408798217773437944e-01
1.605100000000000000e+04 5.400000000000000000e+01 1.510000000000000000e+02 6.861389160156250444e-01
1.610100000000000000e+04 5.400000000000000000e+01 2.010000000000000000e+02 7.615600585937499778e-01
1.615100000000000000e+04 5.400000000000000000e+01 2.510000000000000000e+02 7.505874633789062500e-01
1.620000000000000000e+04 5.400000000000000000e+01 -1.000000000000000000e+00 6.723861694335937500e-01
1.625100000000000000e+04 5.500000000000000000e+01 5.100000000000000000e+01 7.649566650390624556e-01
1.630100000000000000e+04 5.500000000000000000e+01 1.010000000000000000e+02 6.722930908203125222e-01
1.635100000000000000e+04 5.500000000000000000e+01 1.510000000000000000e+02 7.541702270507812944e-01
1.640100000000000000e+04 5.500000000000000000e+01 2.010000000000000000e+02 7.623336791992187944e-01
1.645100000000000000e+04 5.500000000000000000e+01 2.510000000000000000e+02 7.621353149414062944e-01
1.650000000000000000e+04 5.500000000000000000e+01 -1.000000000000000000e+00 7.196975708007812278e-01
1.655100000000000000e+04 5.600000000000000000e+01 5.100000000000000000e+01 7.208602905273437944e-01
1.660100000000000000e+04 5.600000000000000000e+01 1.010000000000000000e+02 7.895706176757812944e-01
1.665100000000000000e+04 5.600000000000000000e+01 1.510000000000000000e+02 6.693054199218749778e-01
1.670100000000000000e+04 5.600000000000000000e+01 2.010000000000000000e+02 7.637405395507812500e-01
1.675100000000000000e+04 5.600000000000000000e+01 2.510000000000000000e+02 7.763046264648437722e-01
1.680000000000000000e+04 5.600000000000000000e+01 -1.000000000000000000e+00 7.275756835937500222e-01
1.685100000000000000e+04 5.700000000000000000e+01 5.100000000000000000e+01 7.655456542968750444e-01
1.690100000000000000e+04 5.700000000000000000e+01 1.010000000000000000e+02 6.764556884765624556e-01
1.695100000000000000e+04 5.700000000000000000e+01 1.510000000000000000e+02 7.418945312500000444e-01
1.700100000000000000e+04 5.700000000000000000e+01 2.010000000000000000e+02 7.008361816406250000e-01
1.705100000000000000e+04 5.700000000000000000e+01 2.510000000000000000e+02 7.362625122070312056e-01
1.710000000000000000e+04 5.700000000000000000e+01 -1.000000000000000000e+00 7.581344604492187278e-01
1.715100000000000000e+04 5.800000000000000000e+01 5.100000000000000000e+01 7.731719970703124778e-01
1.720100000000000000e+04 5.800000000000000000e+01 1.010000000000000000e+02 6.827163696289062500e-01
1.725100000000000000e+04 5.800000000000000000e+01 1.510000000000000000e+02 7.879745483398437056e-01
1.730100000000000000e+04 5.800000000000000000e+01 2.010000000000000000e+02 7.723892211914062944e-01
1.735100000000000000e+04 5.800000000000000000e+01 2.510000000000000000e+02 7.590484619140625000e-01
1.740000000000000000e+04 5.800000000000000000e+01 -1.000000000000000000e+00 7.991821289062499556e-01
1.745100000000000000e+04 5.900000000000000000e+01 5.100000000000000000e+01 7.973556518554687500e-01
1.750100000000000000e+04 5.900000000000000000e+01 1.010000000000000000e+02 7.687973022460937722e-01
1.755100000000000000e+04 5.900000000000000000e+01 1.510000000000000000e+02 7.424026489257812278e-01
1.760100000000000000e+04 5.900000000000000000e+01 2.010000000000000000e+02 7.206848144531250444e-01
1.765100000000000000e+04 5.900000000000000000e+01 2.510000000000000000e+02 7.903213500976562500e-01
1.770000000000000000e+04 5.900000000000000000e+01 -1.000000000000000000e+00 7.819458007812499778e-01
1.775100000000000000e+04 6.000000000000000000e+01 5.100000000000000000e+01 7.591583251953124556e-01
1.780100000000000000e+04 6.000000000000000000e+01 1.010000000000000000e+02 7.554397583007812500e-01
1.785100000000000000e+04 6.000000000000000000e+01 1.510000000000000000e+02 7.792129516601562500e-01
1.790100000000000000e+04 6.000000000000000000e+01 2.010000000000000000e+02 7.732254028320312278e-01
1.795100000000000000e+04 6.000000000000000000e+01 2.510000000000000000e+02 7.719070434570312056e-01
1.800000000000000000e+04 6.000000000000000000e+01 -1.000000000000000000e+00 7.679641723632812944e-01
1.805100000000000000e+04 6.100000000000000000e+01 5.100000000000000000e+01 7.139450073242187278e-01
1.810100000000000000e+04 6.100000000000000000e+01 1.010000000000000000e+02 7.583709716796874778e-01
1.815100000000000000e+04 6.100000000000000000e+01 1.510000000000000000e+02 7.752197265625000444e-01
1.820100000000000000e+04 6.100000000000000000e+01 2.010000000000000000e+02 7.913635253906250444e-01
1.825100000000000000e+04 6.100000000000000000e+01 2.510000000000000000e+02 7.892211914062500222e-01
1.830000000000000000e+04 6.100000000000000000e+01 -1.000000000000000000e+00 6.770950317382812278e-01
1.835100000000000000e+04 6.200000000000000000e+01 5.100000000000000000e+01 7.850265502929687500e-01
1.840100000000000000e+04 6.200000000000000000e+01 1.010000000000000000e+02 7.733169555664062278e-01
1.845100000000000000e+04 6.200000000000000000e+01 1.510000000000000000e+02 7.615859985351562944e-01
1.850100000000000000e+04 6.200000000000000000e+01 2.010000000000000000e+02 7.819961547851562722e-01
1.855100000000000000e+04 6.200000000000000000e+01 2.510000000000000000e+02 6.909179687500000000e-01
1.860000000000000000e+04 6.200000000000000000e+01 -1.000000000000000000e+00 7.741943359374999778e-01
1.865100000000000000e+04 6.300000000000000000e+01 5.100000000000000000e+01 7.774749755859374778e-01
1.870100000000000000e+04 6.300000000000000000e+01 1.010000000000000000e+02 7.844268798828124556e-01
1.875100000000000000e+04 6.300000000000000000e+01 1.510000000000000000e+02 7.577255249023437944e-01
1.880100000000000000e+04 6.300000000000000000e+01 2.010000000000000000e+02 7.012191772460937278e-01
1.885100000000000000e+04 6.300000000000000000e+01 2.510000000000000000e+02 7.437225341796874778e-01
1.890000000000000000e+04 6.300000000000000000e+01 -1.000000000000000000e+00 6.464431762695312944e-01
1.895100000000000000e+04 6.400000000000000000e+01 5.100000000000000000e+01 7.725585937500000222e-01
1.900100000000000000e+04 6.400000000000000000e+01 1.010000000000000000e+02 6.508071899414062944e-01
1.905100000000000000e+04 6.400000000000000000e+01 1.510000000000000000e+02 7.355758666992187056e-01
1.910100000000000000e+04 6.400000000000000000e+01 2.010000000000000000e+02 7.362747192382812500e-01
1.915100000000000000e+04 6.400000000000000000e+01 2.510000000000000000e+02 7.623046875000000222e-01
1.920000000000000000e+04 6.400000000000000000e+01 -1.000000000000000000e+00 7.751281738281250444e-01
1.925100000000000000e+04 6.500000000000000000e+01 5.100000000000000000e+01 7.190383911132812722e-01
1.930100000000000000e+04 6.500000000000000000e+01 1.010000000000000000e+02 7.270935058593750444e-01
1.935100000000000000e+04 6.500000000000000000e+01 1.510000000000000000e+02 7.780670166015625222e-01
1.940100000000000000e+04 6.500000000000000000e+01 2.010000000000000000e+02 7.715774536132812278e-01
1.945100000000000000e+04 6.500000000000000000e+01 2.510000000000000000e+02 7.645706176757812722e-01
1.950000000000000000e+04 6.500000000000000000e+01 -1.000000000000000000e+00 7.795883178710937278e-01
1.955100000000000000e+04 6.600000000000000000e+01 5.100000000000000000e+01 7.936386108398437722e-01
1.960100000000000000e+04 6.600000000000000000e+01 1.010000000000000000e+02 7.796768188476562722e-01
1.965100000000000000e+04 6.600000000000000000e+01 1.510000000000000000e+02 7.664337158203125000e-01
1.970100000000000000e+04 6.600000000000000000e+01 2.010000000000000000e+02 7.288558959960937944e-01
1.975100000000000000e+04 6.600000000000000000e+01 2.510000000000000000e+02 7.293945312499999778e-01
1.980000000000000000e+04 6.600000000000000000e+01 -1.000000000000000000e+00 7.030639648437500000e-01
1.985100000000000000e+04 6.700000000000000000e+01 5.100000000000000000e+01 7.465270996093750222e-01
1.990100000000000000e+04 6.700000000000000000e+01 1.010000000000000000e+02 7.325866699218750444e-01
1.995100000000000000e+04 6.700000000000000000e+01 1.510000000000000000e+02 7.303268432617187056e-01
2.000100000000000000e+04 6.700000000000000000e+01 2.010000000000000000e+02 7.722885131835937056e-01
2.005100000000000000e+04 6.700000000000000000e+01 2.510000000000000000e+02 7.339706420898437500e-01
2.010000000000000000e+04 6.700000000000000000e+01 -1.000000000000000000e+00 7.738601684570312056e-01
2.015100000000000000e+04 6.800000000000000000e+01 5.100000000000000000e+01 7.512145996093749778e-01
2.020100000000000000e+04 6.800000000000000000e+01 1.010000000000000000e+02 7.184127807617187722e-01
2.025100000000000000e+04 6.800000000000000000e+01 1.510000000000000000e+02 7.019149780273437056e-01
2.030100000000000000e+04 6.800000000000000000e+01 2.010000000000000000e+02 7.735931396484374556e-01
2.035100000000000000e+04 6.800000000000000000e+01 2.510000000000000000e+02 7.553863525390625000e-01
2.040000000000000000e+04 6.800000000000000000e+01 -1.000000000000000000e+00 7.421905517578124556e-01
2.045100000000000000e+04 6.900000000000000000e+01 5.100000000000000000e+01 7.786117553710937278e-01
2.050100000000000000e+04 6.900000000000000000e+01 1.010000000000000000e+02 7.354812622070312500e-01
2.055100000000000000e+04 6.900000000000000000e+01 1.510000000000000000e+02 7.491714477539062056e-01
2.060100000000000000e+04 6.900000000000000000e+01 2.010000000000000000e+02 7.663360595703124778e-01
2.065100000000000000e+04 6.900000000000000000e+01 2.510000000000000000e+02 7.445114135742187944e-01
2.070000000000000000e+04 6.900000000000000000e+01 -1.000000000000000000e+00 7.282226562500000444e-01
2.075100000000000000e+04 7.000000000000000000e+01 5.100000000000000000e+01 7.821685791015624556e-01
2.080100000000000000e+04 7.000000000000000000e+01 1.010000000000000000e+02 7.589080810546875444e-01
2.085100000000000000e+04 7.000000000000000000e+01 1.510000000000000000e+02 7.674713134765625000e-01
2.090100000000000000e+04 7.000000000000000000e+01 2.010000000000000000e+02 7.818084716796874778e-01
2.095100000000000000e+04 7.000000000000000000e+01 2.510000000000000000e+02 6.562332153320312722e-01
2.100000000000000000e+04 7.000000000000000000e+01 -1.000000000000000000e+00 7.443328857421874778e-01
2.105100000000000000e+04 7.100000000000000000e+01 5.100000000000000000e+01 7.836364746093750222e-01
2.110100000000000000e+04 7.100000000000000000e+01 1.010000000000000000e+02 7.586471557617187056e-01
2.115100000000000000e+04 7.100000000000000000e+01 1.510000000000000000e+02 7.534393310546875222e-01
2.120100000000000000e+04 7.100000000000000000e+01 2.010000000000000000e+02 7.635345458984375000e-01
2.125100000000000000e+04 7.100000000000000000e+01 2.510000000000000000e+02 7.315032958984375444e-01
2.130000000000000000e+04 7.100000000000000000e+01 -1.000000000000000000e+00 7.963180541992187500e-01
2.135100000000000000e+04 7.200000000000000000e+01 5.100000000000000000e+01 7.638229370117187722e-01
2.140100000000000000e+04 7.200000000000000000e+01 1.010000000000000000e+02 7.522552490234375444e-01
2.145100000000000000e+04 7.200000000000000000e+01 1.510000000000000000e+02 7.671188354492187722e-01
2.150100000000000000e+04 7.200000000000000000e+01 2.010000000000000000e+02 7.668319702148437278e-01
2.155100000000000000e+04 7.200000000000000000e+01 2.510000000000000000e+02 7.545928955078125000e-01
2.160000000000000000e+04 7.200000000000000000e+01 -1.000000000000000000e+00 7.666030883789062278e-01
2.165100000000000000e+04 7.300000000000000000e+01 5.100000000000000000e+01 7.729400634765625222e-01
2.170100000000000000e+04 7.300000000000000000e+01 1.010000000000000000e+02 7.036560058593750444e-01
2.175100000000000000e+04 7.300000000000000000e+01 1.510000000000000000e+02 7.649826049804687722e-01
2.180100000000000000e+04 7.300000000000000000e+01 2.010000000000000000e+02 7.588577270507812500e-01
2.185100000000000000e+04 7.300000000000000000e+01 2.510000000000000000e+02 7.602676391601562722e-01
2.190000000000000000e+04 7.300000000000000000e+01 -1.000000000000000000e+00 7.598526000976562056e-01
2.195100000000000000e+04 7.400000000000000000e+01 5.100000000000000000e+01 7.655105590820312500e-01
2.200100000000000000e+04 7.400000000000000000e+01 1.010000000000000000e+02 7.506317138671875222e-01
2.205100000000000000e+04 7.400000000000000000e+01 1.510000000000000000e+02 6.970413208007812944e-01
2.210100000000000000e+04 7.400000000000000000e+01 2.010000000000000000e+02 7.348709106445312500e-01
2.215100000000000000e+04 7.400000000000000000e+01 2.510000000000000000e+02 7.746200561523437500e-01
2.220000000000000000e+04 7.400000000000000000e+01 -1.000000000000000000e+00 7.777359008789062056e-01
2.225100000000000000e+04 7.500000000000000000e+01 5.100000000000000000e+01 7.319488525390625000e-01
2.230100000000000000e+04 7.500000000000000000e+01 1.010000000000000000e+02 7.358825683593750444e-01
2.235100000000000000e+04 7.500000000000000000e+01 1.510000000000000000e+02 7.582107543945312278e-01
2.240100000000000000e+04 7.500000000000000000e+01 2.010000000000000000e+02 7.586074829101562278e-01
2.245100000000000000e+04 7.500000000000000000e+01 2.510000000000000000e+02 7.496994018554687944e-01
2.250000000000000000e+04 7.500000000000000000e+01 -1.000000000000000000e+00 7.300338745117187500e-01
2.255100000000000000e+04 7.600000000000000000e+01 5.100000000000000000e+01 6.852508544921874778e-01
2.260100000000000000e+04 7.600000000000000000e+01 1.010000000000000000e+02 7.959884643554687722e-01
2.265100000000000000e+04 7.600000000000000000e+01 1.510000000000000000e+02 7.961273193359375000e-01
2.270100000000000000e+04 7.600000000000000000e+01 2.010000000000000000e+02 7.761932373046874778e-01
2.275100000000000000e+04 7.600000000000000000e+01 2.510000000000000000e+02 7.936370849609375444e-01
2.280000000000000000e+04 7.600000000000000000e+01 -1.000000000000000000e+00 7.903091430664062056e-01
2.285100000000000000e+04 7.700000000000000000e+01 5.100000000000000000e+01 7.816574096679687056e-01
2.290100000000000000e+04 7.700000000000000000e+01 1.010000000000000000e+02 8.009796142578125000e-01
2.295100000000000000e+04 7.700000000000000000e+01 1.510000000000000000e+02 7.824188232421874778e-01
2.300100000000000000e+04 7.700000000000000000e+01 2.010000000000000000e+02 7.757080078125000444e-01
2.305100000000000000e+04 7.700000000000000000e+01 2.510000000000000000e+02 7.715057373046875222e-01
2.310000000000000000e+04 7.700000000000000000e+01 -1.000000000000000000e+00 7.534469604492187722e-01
2.315100000000000000e+04 7.800000000000000000e+01 5.100000000000000000e+01 7.812149047851562056e-01
2.320100000000000000e+04 7.800000000000000000e+01 1.010000000000000000e+02 7.844299316406250222e-01
2.325100000000000000e+04 7.800000000000000000e+01 1.510000000000000000e+02 6.751022338867187500e-01
2.330100000000000000e+04 7.800000000000000000e+01 2.010000000000000000e+02 7.800445556640625000e-01
2.335100000000000000e+04 7.800000000000000000e+01 2.510000000000000000e+02 7.719024658203125222e-01
2.340000000000000000e+04 7.800000000000000000e+01 -1.000000000000000000e+00 7.763549804687499556e-01
2.345100000000000000e+04 7.900000000000000000e+01 5.100000000000000000e+01 7.728332519531250222e-01
2.350100000000000000e+04 7.900000000000000000e+01 1.010000000000000000e+02 7.566604614257812500e-01
2.355100000000000000e+04 7.900000000000000000e+01 1.510000000000000000e+02 7.913528442382812278e-01
2.360100000000000000e+04 7.900000000000000000e+01 2.010000000000000000e+02 7.710205078124999778e-01
2.365100000000000000e+04 7.900000000000000000e+01 2.510000000000000000e+02 7.793411254882812722e-01
2.370000000000000000e+04 7.900000000000000000e+01 -1.000000000000000000e+00 7.615219116210937278e-01
2.375100000000000000e+04 8.000000000000000000e+01 5.100000000000000000e+01 7.875396728515624556e-01
2.380100000000000000e+04 8.000000000000000000e+01 1.010000000000000000e+02 6.948059082031250444e-01
2.385100000000000000e+04 8.000000000000000000e+01 1.510000000000000000e+02 7.966339111328124556e-01
2.390100000000000000e+04 8.000000000000000000e+01 2.010000000000000000e+02 7.158370971679687278e-01
2.395100000000000000e+04 8.000000000000000000e+01 2.510000000000000000e+02 7.125061035156250444e-01
2.400000000000000000e+04 8.000000000000000000e+01 -1.000000000000000000e+00 7.387802124023437056e-01
2.405100000000000000e+04 8.100000000000000000e+01 5.100000000000000000e+01 7.484848022460937056e-01
2.410100000000000000e+04 8.100000000000000000e+01 1.010000000000000000e+02 7.811950683593750222e-01
2.415100000000000000e+04 8.100000000000000000e+01 1.510000000000000000e+02 7.543487548828125000e-01
2.420100000000000000e+04 8.100000000000000000e+01 2.010000000000000000e+02 7.673690795898437944e-01
2.425100000000000000e+04 8.100000000000000000e+01 2.510000000000000000e+02 7.927032470703124778e-01
2.430000000000000000e+04 8.100000000000000000e+01 -1.000000000000000000e+00 7.266571044921874556e-01
2.435100000000000000e+04 8.200000000000000000e+01 5.100000000000000000e+01 7.738296508789062056e-01
2.440100000000000000e+04 8.200000000000000000e+01 1.010000000000000000e+02 7.729766845703125444e-01
2.445100000000000000e+04 8.200000000000000000e+01 1.510000000000000000e+02 7.548477172851562056e-01
2.450100000000000000e+04 8.200000000000000000e+01 2.010000000000000000e+02 7.578399658203125444e-01
2.455100000000000000e+04 8.200000000000000000e+01 2.510000000000000000e+02 7.441406250000000000e-01
2.460000000000000000e+04 8.200000000000000000e+01 -1.000000000000000000e+00 7.698883056640625222e-01
2.465100000000000000e+04 8.300000000000000000e+01 5.100000000000000000e+01 7.858032226562500222e-01
2.470100000000000000e+04 8.300000000000000000e+01 1.010000000000000000e+02 6.856201171875000444e-01
2.475100000000000000e+04 8.300000000000000000e+01 1.510000000000000000e+02 7.867416381835937722e-01
2.480100000000000000e+04 8.300000000000000000e+01 2.010000000000000000e+02 7.881362915039062944e-01
2.485100000000000000e+04 8.300000000000000000e+01 2.510000000000000000e+02 7.908981323242187944e-01
2.490000000000000000e+04 8.300000000000000000e+01 -1.000000000000000000e+00 7.553848266601562722e-01
2.495100000000000000e+04 8.400000000000000000e+01 5.100000000000000000e+01 7.014541625976562500e-01
2.500100000000000000e+04 8.400000000000000000e+01 1.010000000000000000e+02 7.579086303710937944e-01
2.505100000000000000e+04 8.400000000000000000e+01 1.510000000000000000e+02 7.593765258789062500e-01
2.510100000000000000e+04 8.400000000000000000e+01 2.010000000000000000e+02 7.627593994140624556e-01
2.515100000000000000e+04 8.400000000000000000e+01 2.510000000000000000e+02 7.755386352539062056e-01
2.520000000000000000e+04 8.400000000000000000e+01 -1.000000000000000000e+00 7.793136596679687278e-01
2.525100000000000000e+04 8.500000000000000000e+01 5.100000000000000000e+01 7.767272949218749778e-01
2.530100000000000000e+04 8.500000000000000000e+01 1.010000000000000000e+02 7.928649902343749556e-01
2.535100000000000000e+04 8.500000000000000000e+01 1.510000000000000000e+02 7.948974609375000222e-01
2.540100000000000000e+04 8.500000000000000000e+01 2.010000000000000000e+02 7.844741821289062944e-01
2.545100000000000000e+04 8.500000000000000000e+01 2.510000000000000000e+02 7.861923217773437722e-01
2.550000000000000000e+04 8.500000000000000000e+01 -1.000000000000000000e+00 7.844116210937499556e-01
2.555100000000000000e+04 8.600000000000000000e+01 5.100000000000000000e+01 7.858078002929687056e-01
2.560100000000000000e+04 8.600000000000000000e+01 1.010000000000000000e+02 7.754241943359374556e-01
2.565100000000000000e+04 8.600000000000000000e+01 1.510000000000000000e+02 7.737792968750000222e-01
2.570100000000000000e+04 8.600000000000000000e+01 2.010000000000000000e+02 7.867050170898437500e-01
2.575100000000000000e+04 8.600000000000000000e+01 2.510000000000000000e+02 7.921447753906250000e-01
2.580000000000000000e+04 8.600000000000000000e+01 -1.000000000000000000e+00 7.819290161132812500e-01
2.585100000000000000e+04 8.700000000000000000e+01 5.100000000000000000e+01 7.801849365234374556e-01
2.590100000000000000e+04 8.700000000000000000e+01 1.010000000000000000e+02 7.391433715820312500e-01
2.595100000000000000e+04 8.700000000000000000e+01 1.510000000000000000e+02 7.566635131835937056e-01
2.600100000000000000e+04 8.700000000000000000e+01 2.010000000000000000e+02 7.874130249023437722e-01
2.605100000000000000e+04 8.700000000000000000e+01 2.510000000000000000e+02 6.705932617187500000e-01
2.610000000000000000e+04 8.700000000000000000e+01 -1.000000000000000000e+00 7.229400634765624778e-01
2.615100000000000000e+04 8.800000000000000000e+01 5.100000000000000000e+01 7.932800292968750222e-01
2.620100000000000000e+04 8.800000000000000000e+01 1.010000000000000000e+02 7.240600585937500000e-01
2.625100000000000000e+04 8.800000000000000000e+01 1.510000000000000000e+02 7.648742675781250444e-01
2.630100000000000000e+04 8.800000000000000000e+01 2.010000000000000000e+02 7.785583496093749778e-01
2.635100000000000000e+04 8.800000000000000000e+01 2.510000000000000000e+02 7.510467529296874778e-01
2.640000000000000000e+04 8.800000000000000000e+01 -1.000000000000000000e+00 7.576919555664062278e-01
2.645100000000000000e+04 8.900000000000000000e+01 5.100000000000000000e+01 7.316360473632812500e-01
2.650100000000000000e+04 8.900000000000000000e+01 1.010000000000000000e+02 7.776962280273437278e-01
2.655100000000000000e+04 8.900000000000000000e+01 1.510000000000000000e+02 7.417114257812500444e-01
2.660100000000000000e+04 8.900000000000000000e+01 2.010000000000000000e+02 7.369430541992187944e-01
2.665100000000000000e+04 8.900000000000000000e+01 2.510000000000000000e+02 7.698623657226562056e-01
2.670000000000000000e+04 8.900000000000000000e+01 -1.000000000000000000e+00 7.903167724609374556e-01
2.675100000000000000e+04 9.000000000000000000e+01 5.100000000000000000e+01 7.233352661132812500e-01
2.680100000000000000e+04 9.000000000000000000e+01 1.010000000000000000e+02 7.822906494140624556e-01
2.685100000000000000e+04 9.000000000000000000e+01 1.510000000000000000e+02 8.042816162109375222e-01
2.690100000000000000e+04 9.000000000000000000e+01 2.010000000000000000e+02 7.735275268554687722e-01
2.695100000000000000e+04 9.000000000000000000e+01 2.510000000000000000e+02 7.420211791992187278e-01
2.700000000000000000e+04 9.000000000000000000e+01 -1.000000000000000000e+00 7.670257568359375444e-01
