classes-per-patch
0.000000000000000000e+00
0.000000000000000000e+00
2.780000000000000000e+02
2.446000000000000000e+03
3.268000000000000000e+03
2.753000000000000000e+03
2.426000000000000000e+03
5.574000000000000000e+03
7.844000000000000000e+03
6.722000000000000000e+03
1.077000000000000000e+04
7.431000000000000000e+03
7.723000000000000000e+03
8.651000000000000000e+03
5.154000000000000000e+03
6.458000000000000000e+03
1.581000000000000000e+03
1.627000000000000000e+03
0.000000000000000000e+00
2.850000000000000000e+02
0.000000000000000000e+00
0.000000000000000000e+00
0.000000000000000000e+00
0.000000000000000000e+00
0.000000000000000000e+00
