F1-score
Total Train iter	epoch	iter in epoch	validation F1-score
5.100000000000000000e+01 1.000000000000000000e+00 5.100000000000000000e+01 1.089556256562045355e-01
1.010000000000000000e+02 1.000000000000000000e+00 1.010000000000000000e+02 1.219703021180799374e-01
1.510000000000000000e+02 1.000000000000000000e+00 1.510000000000000000e+02 1.331277858115408885e-01
2.010000000000000000e+02 1.000000000000000000e+00 2.010000000000000000e+02 1.729005185323166105e-01
2.510000000000000000e+02 1.000000000000000000e+00 2.510000000000000000e+02 2.759536529071217048e-01
3.000000000000000000e+02 1.000000000000000000e+00 -1.000000000000000000e+00 2.144281212166803952e-01
3.510000000000000000e+02 2.000000000000000000e+00 5.100000000000000000e+01 2.912831751617155907e-01
4.010000000000000000e+02 2.000000000000000000e+00 1.010000000000000000e+02 2.742561246611064929e-01
4.510000000000000000e+02 2.000000000000000000e+00 1.510000000000000000e+02 2.956256077471369204e-01
5.010000000000000000e+02 2.000000000000000000e+00 2.010000000000000000e+02 2.802695513940821059e-01
5.510000000000000000e+02 2.000000000000000000e+00 2.510000000000000000e+02 3.036619563854555115e-01
6.000000000000000000e+02 2.000000000000000000e+00 -1.000000000000000000e+00 2.916112232094502099e-01
6.510000000000000000e+02 3.000000000000000000e+00 5.100000000000000000e+01 2.977415463473517820e-01
7.010000000000000000e+02 3.000000000000000000e+00 1.010000000000000000e+02 3.556012922894959405e-01
7.510000000000000000e+02 3.000000000000000000e+00 1.510000000000000000e+02 2.521359558437204496e-01
8.010000000000000000e+02 3.000000000000000000e+00 2.010000000000000000e+02 4.314089754347475991e-01
8.510000000000000000e+02 3.000000000000000000e+00 2.510000000000000000e+02 3.316679300754382664e-01
9.000000000000000000e+02 3.000000000000000000e+00 -1.000000000000000000e+00 3.401984938319014828e-01
9.510000000000000000e+02 4.000000000000000000e+00 5.100000000000000000e+01 2.535664244948047097e-01
1.001000000000000000e+03 4.000000000000000000e+00 1.010000000000000000e+02 3.455609176603838817e-01
1.051000000000000000e+03 4.000000000000000000e+00 1.510000000000000000e+02 3.241222268391980021e-01
1.101000000000000000e+03 4.000000000000000000e+00 2.010000000000000000e+02 3.721260865202458135e-01
1.151000000000000000e+03 4.000000000000000000e+00 2.510000000000000000e+02 4.045334791847035594e-01
1.200000000000000000e+03 4.000000000000000000e+00 -1.000000000000000000e+00 3.212301612088716007e-01
1.251000000000000000e+03 5.000000000000000000e+00 5.100000000000000000e+01 4.531592104923028441e-01
1.301000000000000000e+03 5.000000000000000000e+00 1.010000000000000000e+02 3.645550554962888046e-01
1.351000000000000000e+03 5.000000000000000000e+00 1.510000000000000000e+02 3.867091631258250395e-01
1.401000000000000000e+03 5.000000000000000000e+00 2.010000000000000000e+02 3.526502459994781402e-01
1.451000000000000000e+03 5.000000000000000000e+00 2.510000000000000000e+02 4.172232380556971099e-01
1.500000000000000000e+03 5.000000000000000000e+00 -1.000000000000000000e+00 3.449406113076979308e-01
1.551000000000000000e+03 6.000000000000000000e+00 5.100000000000000000e+01 3.329712292503966831e-01
1.601000000000000000e+03 6.000000000000000000e+00 1.010000000000000000e+02 4.446282977233736444e-01
1.651000000000000000e+03 6.000000000000000000e+00 1.510000000000000000e+02 4.338285593226501868e-01
1.701000000000000000e+03 6.000000000000000000e+00 2.010000000000000000e+02 4.597502792334927091e-01
1.751000000000000000e+03 6.000000000000000000e+00 2.510000000000000000e+02 3.878260966763980022e-01
1.800000000000000000e+03 6.000000000000000000e+00 -1.000000000000000000e+00 4.648343277954424257e-01
1.851000000000000000e+03 7.000000000000000000e+00 5.100000000000000000e+01 4.376917925948252130e-01
1.901000000000000000e+03 7.000000000000000000e+00 1.010000000000000000e+02 3.159242995357210981e-01
1.951000000000000000e+03 7.000000000000000000e+00 1.510000000000000000e+02 3.671917161785329120e-01
2.001000000000000000e+03 7.000000000000000000e+00 2.010000000000000000e+02 4.554986096805723195e-01
2.051000000000000000e+03 7.000000000000000000e+00 2.510000000000000000e+02 3.941334325203523781e-01
2.100000000000000000e+03 7.000000000000000000e+00 -1.000000000000000000e+00 4.990296210819364364e-01
2.151000000000000000e+03 8.000000000000000000e+00 5.100000000000000000e+01 4.262457385282093503e-01
2.201000000000000000e+03 8.000000000000000000e+00 1.010000000000000000e+02 4.456907280196305554e-01
2.251000000000000000e+03 8.000000000000000000e+00 1.510000000000000000e+02 3.766575337974615301e-01
2.301000000000000000e+03 8.000000000000000000e+00 2.010000000000000000e+02 5.383440881421769353e-01
2.351000000000000000e+03 8.000000000000000000e+00 2.510000000000000000e+02 4.122165257102924363e-01
2.400000000000000000e+03 8.000000000000000000e+00 -1.000000000000000000e+00 4.925162906626994186e-01
2.451000000000000000e+03 9.000000000000000000e+00 5.100000000000000000e+01 4.132519958014608252e-01
2.501000000000000000e+03 9.000000000000000000e+00 1.010000000000000000e+02 4.314263250604842836e-01
2.551000000000000000e+03 9.000000000000000000e+00 1.510000000000000000e+02 4.824558138526843787e-01
2.601000000000000000e+03 9.000000000000000000e+00 2.010000000000000000e+02 4.560406193795435992e-01
2.651000000000000000e+03 9.000000000000000000e+00 2.510000000000000000e+02 4.534340826950933878e-01
2.700000000000000000e+03 9.000000000000000000e+00 -1.000000000000000000e+00 5.135636080962189265e-01
2.751000000000000000e+03 1.000000000000000000e+01 5.100000000000000000e+01 5.668248889843378047e-01
2.801000000000000000e+03 1.000000000000000000e+01 1.010000000000000000e+02 5.081443754767545062e-01
2.851000000000000000e+03 1.000000000000000000e+01 1.510000000000000000e+02 4.628420072813749231e-01
2.901000000000000000e+03 1.000000000000000000e+01 2.010000000000000000e+02 4.321562416464722611e-01
2.951000000000000000e+03 1.000000000000000000e+01 2.510000000000000000e+02 4.500252003320853733e-01
3.000000000000000000e+03 1.000000000000000000e+01 -1.000000000000000000e+00 4.099555210391274684e-01
3.051000000000000000e+03 1.100000000000000000e+01 5.100000000000000000e+01 6.199431593468929247e-01
3.101000000000000000e+03 1.100000000000000000e+01 1.010000000000000000e+02 3.471452564525418505e-01
3.151000000000000000e+03 1.100000000000000000e+01 1.510000000000000000e+02 5.901908634524646313e-01
3.201000000000000000e+03 1.100000000000000000e+01 2.010000000000000000e+02 4.992971951183464152e-01
3.251000000000000000e+03 1.100000000000000000e+01 2.510000000000000000e+02 5.873066773672130925e-01
3.300000000000000000e+03 1.100000000000000000e+01 -1.000000000000000000e+00 4.671741033948266231e-01
3.351000000000000000e+03 1.200000000000000000e+01 5.100000000000000000e+01 6.468561231741336570e-01
3.401000000000000000e+03 1.200000000000000000e+01 1.010000000000000000e+02 5.010630007240730599e-01
3.451000000000000000e+03 1.200000000000000000e+01 1.510000000000000000e+02 5.484620451166326571e-01
3.501000000000000000e+03 1.200000000000000000e+01 2.010000000000000000e+02 5.450437806943234653e-01
3.551000000000000000e+03 1.200000000000000000e+01 2.510000000000000000e+02 5.135564715016827098e-01
3.600000000000000000e+03 1.200000000000000000e+01 -1.000000000000000000e+00 4.919539612554159613e-01
3.651000000000000000e+03 1.300000000000000000e+01 5.100000000000000000e+01 4.595451447508206444e-01
3.701000000000000000e+03 1.300000000000000000e+01 1.010000000000000000e+02 6.319073824009078244e-01
3.751000000000000000e+03 1.300000000000000000e+01 1.510000000000000000e+02 4.490803961095435892e-01
3.801000000000000000e+03 1.300000000000000000e+01 2.010000000000000000e+02 4.785961046139636244e-01
3.851000000000000000e+03 1.300000000000000000e+01 2.510000000000000000e+02 5.242710573525544149e-01
3.900000000000000000e+03 1.300000000000000000e+01 -1.000000000000000000e+00 5.531268516360153820e-01
3.951000000000000000e+03 1.400000000000000000e+01 5.100000000000000000e+01 6.535276873551174592e-01
4.001000000000000000e+03 1.400000000000000000e+01 1.010000000000000000e+02 5.683368577751716222e-01
4.051000000000000000e+03 1.400000000000000000e+01 1.510000000000000000e+02 6.119886203297479899e-01
4.101000000000000000e+03 1.400000000000000000e+01 2.010000000000000000e+02 4.872051773656348450e-01
4.151000000000000000e+03 1.400000000000000000e+01 2.510000000000000000e+02 5.172946907457384169e-01
4.200000000000000000e+03 1.400000000000000000e+01 -1.000000000000000000e+00 5.911629572535129773e-01
4.251000000000000000e+03 1.500000000000000000e+01 5.100000000000000000e+01 5.539959700077773386e-01
4.301000000000000000e+03 1.500000000000000000e+01 1.010000000000000000e+02 5.253126850258640346e-01
4.351000000000000000e+03 1.500000000000000000e+01 1.510000000000000000e+02 5.695028538766688797e-01
4.401000000000000000e+03 1.500000000000000000e+01 2.010000000000000000e+02 4.285579201456137244e-01
4.451000000000000000e+03 1.500000000000000000e+01 2.510000000000000000e+02 4.257431366745446644e-01
4.500000000000000000e+03 1.500000000000000000e+01 -1.000000000000000000e+00 5.461662210091839942e-01
4.551000000000000000e+03 1.600000000000000000e+01 5.100000000000000000e+01 5.896068323295029501e-01
4.601000000000000000e+03 1.600000000000000000e+01 1.010000000000000000e+02 5.992412867288261502e-01
4.651000000000000000e+03 1.600000000000000000e+01 1.510000000000000000e+02 5.024789130895335187e-01
4.701000000000000000e+03 1.600000000000000000e+01 2.010000000000000000e+02 6.309715278030749719e-01
4.751000000000000000e+03 1.600000000000000000e+01 2.510000000000000000e+02 5.638173265832613357e-01
4.800000000000000000e+03 1.600000000000000000e+01 -1.000000000000000000e+00 6.624587574297826631e-01
4.851000000000000000e+03 1.700000000000000000e+01 5.100000000000000000e+01 5.927546137352485145e-01
4.901000000000000000e+03 1.700000000000000000e+01 1.010000000000000000e+02 5.863546852187373482e-01
4.951000000000000000e+03 1.700000000000000000e+01 1.510000000000000000e+02 6.754156246149475296e-01
5.001000000000000000e+03 1.700000000000000000e+01 2.010000000000000000e+02 6.814953218605965812e-01
5.051000000000000000e+03 1.700000000000000000e+01 2.510000000000000000e+02 6.743245222223523960e-01
5.100000000000000000e+03 1.700000000000000000e+01 -1.000000000000000000e+00 6.274527120093204013e-01
5.151000000000000000e+03 1.800000000000000000e+01 5.100000000000000000e+01 6.293118770034664688e-01
5.201000000000000000e+03 1.800000000000000000e+01 1.010000000000000000e+02 5.684987999847017637e-01
5.251000000000000000e+03 1.800000000000000000e+01 1.510000000000000000e+02 6.835169898095533325e-01
5.301000000000000000e+03 1.800000000000000000e+01 2.010000000000000000e+02 6.612047346822189642e-01
5.351000000000000000e+03 1.800000000000000000e+01 2.510000000000000000e+02 6.742015521872020134e-01
5.400000000000000000e+03 1.800000000000000000e+01 -1.000000000000000000e+00 6.267196355332562696e-01
5.451000000000000000e+03 1.900000000000000000e+01 5.100000000000000000e+01 6.278137602629869640e-01
5.501000000000000000e+03 1.900000000000000000e+01 1.010000000000000000e+02 6.308526686835478348e-01
5.551000000000000000e+03 1.900000000000000000e+01 1.510000000000000000e+02 6.748347993533524436e-01
5.601000000000000000e+03 1.900000000000000000e+01 2.010000000000000000e+02 6.443917889347948735e-01
5.651000000000000000e+03 1.900000000000000000e+01 2.510000000000000000e+02 6.999363193556694673e-01
5.700000000000000000e+03 1.900000000000000000e+01 -1.000000000000000000e+00 6.268686931178770738e-01
5.751000000000000000e+03 2.000000000000000000e+01 5.100000000000000000e+01 6.366326000664677132e-01
5.801000000000000000e+03 2.000000000000000000e+01 1.010000000000000000e+02 6.597303396582392399e-01
5.851000000000000000e+03 2.000000000000000000e+01 1.510000000000000000e+02 5.000582171997937087e-01
5.901000000000000000e+03 2.000000000000000000e+01 2.010000000000000000e+02 6.993239403046147551e-01
5.951000000000000000e+03 2.000000000000000000e+01 2.510000000000000000e+02 6.578609735690774674e-01
6.000000000000000000e+03 2.000000000000000000e+01 -1.000000000000000000e+00 5.807964253063797599e-01
6.051000000000000000e+03 2.100000000000000000e+01 5.100000000000000000e+01 6.701542808551607111e-01
6.101000000000000000e+03 2.100000000000000000e+01 1.010000000000000000e+02 7.167990178023380121e-01
6.151000000000000000e+03 2.100000000000000000e+01 1.510000000000000000e+02 4.871778334111380171e-01
6.201000000000000000e+03 2.100000000000000000e+01 2.010000000000000000e+02 4.862488642989989396e-01
6.251000000000000000e+03 2.100000000000000000e+01 2.510000000000000000e+02 6.748122063405499471e-01
6.300000000000000000e+03 2.100000000000000000e+01 -1.000000000000000000e+00 6.344935849244016657e-01
6.351000000000000000e+03 2.200000000000000000e+01 5.100000000000000000e+01 7.039757158132715631e-01
6.401000000000000000e+03 2.200000000000000000e+01 1.010000000000000000e+02 6.856153738598680381e-01
6.451000000000000000e+03 2.200000000000000000e+01 1.510000000000000000e+02 7.079938101044177534e-01
6.501000000000000000e+03 2.200000000000000000e+01 2.010000000000000000e+02 6.798124742450066815e-01
6.551000000000000000e+03 2.200000000000000000e+01 2.510000000000000000e+02 6.445360488359600515e-01
6.600000000000000000e+03 2.200000000000000000e+01 -1.000000000000000000e+00 5.660748096129215590e-01
6.651000000000000000e+03 2.300000000000000000e+01 5.100000000000000000e+01 7.251908797704567089e-01
6.701000000000000000e+03 2.300000000000000000e+01 1.010000000000000000e+02 7.334232835696795627e-01
6.751000000000000000e+03 2.300000000000000000e+01 1.510000000000000000e+02 6.692110868451395245e-01
6.801000000000000000e+03 2.300000000000000000e+01 2.010000000000000000e+02 5.743807412317564198e-01
6.851000000000000000e+03 2.300000000000000000e+01 2.510000000000000000e+02 6.139801076610760244e-01
6.900000000000000000e+03 2.300000000000000000e+01 -1.000000000000000000e+00 6.740845769870521531e-01
6.951000000000000000e+03 2.400000000000000000e+01 5.100000000000000000e+01 7.243757985316459092e-01
7.001000000000000000e+03 2.400000000000000000e+01 1.010000000000000000e+02 5.729576376957959960e-01
7.051000000000000000e+03 2.400000000000000000e+01 1.510000000000000000e+02 6.899183621407416478e-01
7.101000000000000000e+03 2.400000000000000000e+01 2.010000000000000000e+02 6.265011497748657066e-01
7.151000000000000000e+03 2.400000000000000000e+01 2.510000000000000000e+02 6.803705051963709893e-01
7.200000000000000000e+03 2.400000000000000000e+01 -1.000000000000000000e+00 7.602109277994173464e-01
7.251000000000000000e+03 2.500000000000000000e+01 5.100000000000000000e+01 7.068296537897433840e-01
7.301000000000000000e+03 2.500000000000000000e+01 1.010000000000000000e+02 6.793944713812136715e-01
7.351000000000000000e+03 2.500000000000000000e+01 1.510000000000000000e+02 6.571135961188399044e-01
7.401000000000000000e+03 2.500000000000000000e+01 2.010000000000000000e+02 6.929547266580888820e-01
7.451000000000000000e+03 2.500000000000000000e+01 2.510000000000000000e+02 5.452861606107878290e-01
7.500000000000000000e+03 2.500000000000000000e+01 -1.000000000000000000e+00 7.597302470197369040e-01
7.551000000000000000e+03 2.600000000000000000e+01 5.100000000000000000e+01 7.575919815784388778e-01
7.601000000000000000e+03 2.600000000000000000e+01 1.010000000000000000e+02 7.248310338473865633e-01
7.651000000000000000e+03 2.600000000000000000e+01 1.510000000000000000e+02 6.855181389194429098e-01
7.701000000000000000e+03 2.600000000000000000e+01 2.010000000000000000e+02 7.001926367708966037e-01
7.751000000000000000e+03 2.600000000000000000e+01 2.510000000000000000e+02 5.188719857937270641e-01
7.800000000000000000e+03 2.600000000000000000e+01 -1.000000000000000000e+00 6.637483235252579217e-01
7.851000000000000000e+03 2.700000000000000000e+01 5.100000000000000000e+01 7.382034802675720986e-01
7.901000000000000000e+03 2.700000000000000000e+01 1.010000000000000000e+02 6.870007294326840874e-01
7.951000000000000000e+03 2.700000000000000000e+01 1.510000000000000000e+02 7.795886636551738746e-01
8.001000000000000000e+03 2.700000000000000000e+01 2.010000000000000000e+02 7.752693645995052396e-01
8.051000000000000000e+03 2.700000000000000000e+01 2.510000000000000000e+02 7.214206971009980984e-01
8.100000000000000000e+03 2.700000000000000000e+01 -1.000000000000000000e+00 5.875200755634839567e-01
8.151000000000000000e+03 2.800000000000000000e+01 5.100000000000000000e+01 7.042638356539094868e-01
8.201000000000000000e+03 2.800000000000000000e+01 1.010000000000000000e+02 7.048780467110301595e-01
8.251000000000000000e+03 2.800000000000000000e+01 1.510000000000000000e+02 6.356932530068478693e-01
8.301000000000000000e+03 2.800000000000000000e+01 2.010000000000000000e+02 6.714321792130351074e-01
8.351000000000000000e+03 2.800000000000000000e+01 2.510000000000000000e+02 7.167881522422490104e-01
8.400000000000000000e+03 2.800000000000000000e+01 -1.000000000000000000e+00 6.750904411234193159e-01
8.451000000000000000e+03 2.900000000000000000e+01 5.100000000000000000e+01 7.335077986473261813e-01
8.501000000000000000e+03 2.900000000000000000e+01 1.010000000000000000e+02 7.230796150305878189e-01
8.551000000000000000e+03 2.900000000000000000e+01 1.510000000000000000e+02 7.254613085537514605e-01
8.601000000000000000e+03 2.900000000000000000e+01 2.010000000000000000e+02 5.652925931736977327e-01
8.651000000000000000e+03 2.900000000000000000e+01 2.510000000000000000e+02 7.203252399844485288e-01
8.700000000000000000e+03 2.900000000000000000e+01 -1.000000000000000000e+00 6.457504380784799825e-01
8.751000000000000000e+03 3.000000000000000000e+01 5.100000000000000000e+01 7.204644907795814124e-01
8.801000000000000000e+03 3.000000000000000000e+01 1.010000000000000000e+02 7.700972615039798352e-01
8.851000000000000000e+03 3.000000000000000000e+01 1.510000000000000000e+02 7.203622995870030410e-01
8.901000000000000000e+03 3.000000000000000000e+01 2.010000000000000000e+02 6.301039383433602037e-01
8.951000000000000000e+03 3.000000000000000000e+01 2.510000000000000000e+02 6.756573254750126711e-01
9.000000000000000000e+03 3.000000000000000000e+01 -1.000000000000000000e+00 7.204826450477440636e-01
9.051000000000000000e+03 3.100000000000000000e+01 5.100000000000000000e+01 7.183341679641183086e-01
9.101000000000000000e+03 3.100000000000000000e+01 1.010000000000000000e+02 6.491763710070134197e-01
9.151000000000000000e+03 3.100000000000000000e+01 1.510000000000000000e+02 7.499773890748638872e-01
9.201000000000000000e+03 3.100000000000000000e+01 2.010000000000000000e+02 6.436372969793673349e-01
9.251000000000000000e+03 3.100000000000000000e+01 2.510000000000000000e+02 7.172229019621468860e-01
9.300000000000000000e+03 3.100000000000000000e+01 -1.000000000000000000e+00 7.196164075001082461e-01
9.351000000000000000e+03 3.200000000000000000e+01 5.100000000000000000e+01 7.052234284546118337e-01
9.401000000000000000e+03 3.200000000000000000e+01 1.010000000000000000e+02 6.294644432031670789e-01
9.451000000000000000e+03 3.200000000000000000e+01 1.510000000000000000e+02 7.179548751000649487e-01
9.501000000000000000e+03 3.200000000000000000e+01 2.010000000000000000e+02 7.270634347547916265e-01
9.551000000000000000e+03 3.200000000000000000e+01 2.510000000000000000e+02 7.067544223062660613e-01
9.600000000000000000e+03 3.200000000000000000e+01 -1.000000000000000000e+00 7.341233452143288707e-01
9.651000000000000000e+03 3.300000000000000000e+01 5.100000000000000000e+01 6.748049714729768001e-01
9.701000000000000000e+03 3.300000000000000000e+01 1.010000000000000000e+02 7.443448104806481558e-01
9.751000000000000000e+03 3.300000000000000000e+01 1.510000000000000000e+02 7.232563955291058111e-01
9.801000000000000000e+03 3.300000000000000000e+01 2.010000000000000000e+02 6.763058252480786958e-01
9.851000000000000000e+03 3.300000000000000000e+01 2.510000000000000000e+02 6.772336873167285054e-01
9.900000000000000000e+03 3.300000000000000000e+01 -1.000000000000000000e+00 7.094733334136850145e-01
9.951000000000000000e+03 3.400000000000000000e+01 5.100000000000000000e+01 7.115260389887374526e-01
1.000100000000000000e+04 3.400000000000000000e+01 1.010000000000000000e+02 7.488717138688671948e-01
1.005100000000000000e+04 3.400000000000000000e+01 1.510000000000000000e+02 7.741502706754228580e-01
1.010100000000000000e+04 3.400000000000000000e+01 2.010000000000000000e+02 7.557246861267995497e-01
1.015100000000000000e+04 3.400000000000000000e+01 2.510000000000000000e+02 7.092017629883523577e-01
1.020000000000000000e+04 3.400000000000000000e+01 -1.000000000000000000e+00 7.092829818227410765e-01
1.025100000000000000e+04 3.500000000000000000e+01 5.100000000000000000e+01 7.677098895857176197e-01
1.030100000000000000e+04 3.500000000000000000e+01 1.010000000000000000e+02 7.094312839800546167e-01
1.035100000000000000e+04 3.500000000000000000e+01 1.510000000000000000e+02 7.635715884389240315e-01
1.040100000000000000e+04 3.500000000000000000e+01 2.010000000000000000e+02 6.843455770354804901e-01
1.045100000000000000e+04 3.500000000000000000e+01 2.510000000000000000e+02 7.829003407726323749e-01
1.050000000000000000e+04 3.500000000000000000e+01 -1.000000000000000000e+00 6.705050631229616531e-01
1.055100000000000000e+04 3.600000000000000000e+01 5.100000000000000000e+01 6.637973170389317445e-01
1.060100000000000000e+04 3.600000000000000000e+01 1.010000000000000000e+02 7.209304135601841690e-01
1.065100000000000000e+04 3.600000000000000000e+01 1.510000000000000000e+02 7.525975857726077134e-01
1.070100000000000000e+04 3.600000000000000000e+01 2.010000000000000000e+02 6.569101464919622213e-01
1.075100000000000000e+04 3.600000000000000000e+01 2.510000000000000000e+02 7.311420991349211196e-01
1.080000000000000000e+04 3.600000000000000000e+01 -1.000000000000000000e+00 7.440336327300535180e-01
1.085100000000000000e+04 3.700000000000000000e+01 5.100000000000000000e+01 7.607748378885392793e-01
1.090100000000000000e+04 3.700000000000000000e+01 1.010000000000000000e+02 7.169390486678096641e-01
1.095100000000000000e+04 3.700000000000000000e+01 1.510000000000000000e+02 7.590496450119197380e-01
1.100100000000000000e+04 3.700000000000000000e+01 2.010000000000000000e+02 7.301418162465701522e-01
1.105100000000000000e+04 3.700000000000000000e+01 2.510000000000000000e+02 7.591867826097490335e-01
1.110000000000000000e+04 3.700000000000000000e+01 -1.000000000000000000e+00 7.703109369080998192e-01
1.115100000000000000e+04 3.800000000000000000e+01 5.100000000000000000e+01 7.369093993190970471e-01
1.120100000000000000e+04 3.800000000000000000e+01 1.010000000000000000e+02 7.244502974804740703e-01
1.125100000000000000e+04 3.800000000000000000e+01 1.510000000000000000e+02 7.009790521586519718e-01
1.130100000000000000e+04 3.800000000000000000e+01 2.010000000000000000e+02 7.598271572422480302e-01
1.135100000000000000e+04 3.800000000000000000e+01 2.510000000000000000e+02 7.722530530813427330e-01
1.140000000000000000e+04 3.800000000000000000e+01 -1.000000000000000000e+00 7.526263840562009699e-01
1.145100000000000000e+04 3.900000000000000000e+01 5.100000000000000000e+01 7.373453090221246953e-01
1.150100000000000000e+04 3.900000000000000000e+01 1.010000000000000000e+02 7.898860215334173596e-01
1.155100000000000000e+04 3.900000000000000000e+01 1.510000000000000000e+02 6.757112037638585145e-01
1.160100000000000000e+04 3.900000000000000000e+01 2.010000000000000000e+02 7.611015058104791953e-01
1.165100000000000000e+04 3.900000000000000000e+01 2.510000000000000000e+02 7.600606675007005597e-01
1.170000000000000000e+04 3.900000000000000000e+01 -1.000000000000000000e+00 7.315808782134913812e-01
1.175100000000000000e+04 4.000000000000000000e+01 5.100000000000000000e+01 7.664647349410989019e-01
1.180100000000000000e+04 4.000000000000000000e+01 1.010000000000000000e+02 7.965859684724595491e-01
1.185100000000000000e+04 4.000000000000000000e+01 1.510000000000000000e+02 7.286238410163807799e-01
1.190100000000000000e+04 4.000000000000000000e+01 2.010000000000000000e+02 7.450956810190606516e-01
1.195100000000000000e+04 4.000000000000000000e+01 2.510000000000000000e+02 7.400620434217031196e-01
1.200000000000000000e+04 4.000000000000000000e+01 -1.000000000000000000e+00 7.280333117488645422e-01
1.205100000000000000e+04 4.100000000000000000e+01 5.100000000000000000e+01 7.362388822498229235e-01
1.210100000000000000e+04 4.100000000000000000e+01 1.010000000000000000e+02 7.344808573207809443e-01
1.215100000000000000e+04 4.100000000000000000e+01 1.510000000000000000e+02 7.004475161769792013e-01
1.220100000000000000e+04 4.100000000000000000e+01 2.010000000000000000e+02 7.227278603240934185e-01
1.225100000000000000e+04 4.100000000000000000e+01 2.510000000000000000e+02 6.978573885527720178e-01
1.230000000000000000e+04 4.100000000000000000e+01 -1.000000000000000000e+00 7.680826801641085222e-01
1.235100000000000000e+04 4.200000000000000000e+01 5.100000000000000000e+01 7.845968394534746926e-01
1.240100000000000000e+04 4.200000000000000000e+01 1.010000000000000000e+02 7.692025833747999641e-01
1.245100000000000000e+04 4.200000000000000000e+01 1.510000000000000000e+02 7.789120106098679219e-01
1.250100000000000000e+04 4.200000000000000000e+01 2.010000000000000000e+02 7.570534569051484697e-01
1.255100000000000000e+04 4.200000000000000000e+01 2.510000000000000000e+02 7.243906621942972635e-01
1.260000000000000000e+04 4.200000000000000000e+01 -1.000000000000000000e+00 7.121073990755842908e-01
1.265100000000000000e+04 4.300000000000000000e+01 5.100000000000000000e+01 7.505215972098503441e-01
1.270100000000000000e+04 4.300000000000000000e+01 1.010000000000000000e+02 7.392361559402584881e-01
1.275100000000000000e+04 4.300000000000000000e+01 1.510000000000000000e+02 8.015422403986998123e-01
1.280100000000000000e+04 4.300000000000000000e+01 2.010000000000000000e+02 7.699957955602193538e-01
1.285100000000000000e+04 4.300000000000000000e+01 2.510000000000000000e+02 7.681175494069597542e-01
1.290000000000000000e+04 4.300000000000000000e+01 -1.000000000000000000e+00 6.872587542442307740e-01
1.295100000000000000e+04 4.400000000000000000e+01 5.100000000000000000e+01 7.806371351498186950e-01
1.300100000000000000e+04 4.400000000000000000e+01 1.010000000000000000e+02 7.666693965759920903e-01
1.305100000000000000e+04 4.400000000000000000e+01 1.510000000000000000e+02 7.648789346990525484e-01
1.310100000000000000e+04 4.400000000000000000e+01 2.010000000000000000e+02 8.016046828079078646e-01
1.315100000000000000e+04 4.400000000000000000e+01 2.510000000000000000e+02 7.419242706406536936e-01
1.320000000000000000e+04 4.400000000000000000e+01 -1.000000000000000000e+00 7.903306910806930929e-01
1.325100000000000000e+04 4.500000000000000000e+01 5.100000000000000000e+01 7.566606255620386134e-01
1.330100000000000000e+04 4.500000000000000000e+01 1.010000000000000000e+02 7.397317666723448593e-01
1.335100000000000000e+04 4.500000000000000000e+01 1.510000000000000000e+02 7.775381747131369092e-01
1.340100000000000000e+04 4.500000000000000000e+01 2.010000000000000000e+02 7.809832292856212499e-01
1.345100000000000000e+04 4.500000000000000000e+01 2.510000000000000000e+02 7.576393901764233441e-01
1.350000000000000000e+04 4.500000000000000000e+01 -1.000000000000000000e+00 7.791658266106621378e-01
1.355100000000000000e+04 4.600000000000000000e+01 5.100000000000000000e+01 7.681065699596304475e-01
1.360100000000000000e+04 4.600000000000000000e+01 1.010000000000000000e+02 7.689844864590350548e-01
1.365100000000000000e+04 4.600000000000000000e+01 1.510000000000000000e+02 7.871539526298816369e-01
1.370100000000000000e+04 4.600000000000000000e+01 2.010000000000000000e+02 8.077490025298688092e-01
1.375100000000000000e+04 4.600000000000000000e+01 2.510000000000000000e+02 7.940821952357568492e-01
1.380000000000000000e+04 4.600000000000000000e+01 -1.000000000000000000e+00 7.452195532260172950e-01
1.385100000000000000e+04 4.700000000000000000e+01 5.100000000000000000e+01 7.193882762827132904e-01
1.390100000000000000e+04 4.700000000000000000e+01 1.010000000000000000e+02 7.595225851283622376e-01
1.395100000000000000e+04 4.700000000000000000e+01 1.510000000000000000e+02 7.697027206833360058e-01
1.400100000000000000e+04 4.700000000000000000e+01 2.010000000000000000e+02 7.898987169712232692e-01
1.405100000000000000e+04 4.700000000000000000e+01 2.510000000000000000e+02 7.079652911456221220e-01
1.410000000000000000e+04 4.700000000000000000e+01 -1.000000000000000000e+00 8.071600629171570285e-01
1.415100000000000000e+04 4.800000000000000000e+01 5.100000000000000000e+01 7.762682712521252748e-01
1.420100000000000000e+04 4.800000000000000000e+01 1.010000000000000000e+02 7.805932471914275306e-01
1.425100000000000000e+04 4.800000000000000000e+01 1.510000000000000000e+02 7.574193449006935142e-01
1.430100000000000000e+04 4.800000000000000000e+01 2.010000000000000000e+02 7.998269729551763518e-01
1.435100000000000000e+04 4.800000000000000000e+01 2.510000000000000000e+02 7.818194960094592139e-01
1.440000000000000000e+04 4.800000000000000000e+01 -1.000000000000000000e+00 7.814189764696460871e-01
1.445100000000000000e+04 4.900000000000000000e+01 5.100000000000000000e+01 7.664838929693915670e-01
1.450100000000000000e+04 4.900000000000000000e+01 1.010000000000000000e+02 7.817135479768551054e-01
1.455100000000000000e+04 4.900000000000000000e+01 1.510000000000000000e+02 7.705411335373862913e-01
1.460100000000000000e+04 4.900000000000000000e+01 2.010000000000000000e+02 7.355569870668502430e-01
1.465100000000000000e+04 4.900000000000000000e+01 2.510000000000000000e+02 7.817539873619360202e-01
1.470000000000000000e+04 4.900000000000000000e+01 -1.000000000000000000e+00 7.101777394432225998e-01
1.475100000000000000e+04 5.000000000000000000e+01 5.100000000000000000e+01 7.908447224007020271e-01
1.480100000000000000e+04 5.000000000000000000e+01 1.010000000000000000e+02 7.777268678036637350e-01
1.485100000000000000e+04 5.000000000000000000e+01 1.510000000000000000e+02 7.765844936148386113e-01
1.490100000000000000e+04 5.000000000000000000e+01 2.010000000000000000e+02 7.722426809644336032e-01
1.495100000000000000e+04 5.000000000000000000e+01 2.510000000000000000e+02 7.295670010110359982e-01
1.500000000000000000e+04 5.000000000000000000e+01 -1.000000000000000000e+00 7.839346036742375068e-01
1.505100000000000000e+04 5.100000000000000000e+01 5.100000000000000000e+01 7.601049521253184782e-01
1.510100000000000000e+04 5.100000000000000000e+01 1.010000000000000000e+02 7.732706267090146968e-01
1.515100000000000000e+04 5.100000000000000000e+01 1.510000000000000000e+02 7.942421417525808991e-01
1.520100000000000000e+04 5.100000000000000000e+01 2.010000000000000000e+02 7.754927982215288340e-01
1.525100000000000000e+04 5.100000000000000000e+01 2.510000000000000000e+02 7.690185962225408733e-01
1.530000000000000000e+04 5.100000000000000000e+01 -1.000000000000000000e+00 7.590407489278206965e-01
1.535100000000000000e+04 5.200000000000000000e+01 5.100000000000000000e+01 7.705756036021822464e-01
1.540100000000000000e+04 5.200000000000000000e+01 1.010000000000000000e+02 7.755834728650494725e-01
1.545100000000000000e+04 5.200000000000000000e+01 1.510000000000000000e+02 7.891151851129432071e-01
1.550100000000000000e+04 5.200000000000000000e+01 2.010000000000000000e+02 7.926768326271347309e-01
1.555100000000000000e+04 5.200000000000000000e+01 2.510000000000000000e+02 7.706607330735154582e-01
1.560000000000000000e+04 5.200000000000000000e+01 -1.000000000000000000e+00 7.818482559240382823e-01
1.565100000000000000e+04 5.300000000000000000e+01 5.100000000000000000e+01 8.043526660968657316e-01
1.570100000000000000e+04 5.300000000000000000e+01 1.010000000000000000e+02 7.547922183559766518e-01
1.575100000000000000e+04 5.300000000000000000e+01 1.510000000000000000e+02 7.880407623002467776e-01
1.580100000000000000e+04 5.300000000000000000e+01 2.010000000000000000e+02 7.869497435017369646e-01
1.585100000000000000e+04 5.300000000000000000e+01 2.510000000000000000e+02 7.698021781202679659e-01
1.590000000000000000e+04 5.300000000000000000e+01 -1.000000000000000000e+00 7.785238751517272737e-01
1.595100000000000000e+04 5.400000000000000000e+01 5.100000000000000000e+01 7.526014981695007267e-01
1.600100000000000000e+04 5.400000000000000000e+01 1.010000000000000000e+02 7.678151592028085171e-01
1.605100000000000000e+04 5.400000000000000000e+01 1.510000000000000000e+02 7.413803739921157598e-01
1.610100000000000000e+04 5.400000000000000000e+01 2.010000000000000000e+02 7.930487862055906056e-01
1.615100000000000000e+04 5.400000000000000000e+01 2.510000000000000000e+02 7.700848997063465262e-01
1.620000000000000000e+04 5.400000000000000000e+01 -1.000000000000000000e+00 7.214372264100448184e-01
1.625100000000000000e+04 5.500000000000000000e+01 5.100000000000000000e+01 7.791643858448084048e-01
1.630100000000000000e+04 5.500000000000000000e+01 1.010000000000000000e+02 7.103360632280983911e-01
1.635100000000000000e+04 5.500000000000000000e+01 1.510000000000000000e+02 7.802365271698743499e-01
1.640100000000000000e+04 5.500000000000000000e+01 2.010000000000000000e+02 7.859975960844595155e-01
1.645100000000000000e+04 5.500000000000000000e+01 2.510000000000000000e+02 7.866344836050952471e-01
1.650000000000000000e+04 5.500000000000000000e+01 -1.000000000000000000e+00 7.597604120387294602e-01
1.655100000000000000e+04 5.600000000000000000e+01 5.100000000000000000e+01 7.606307899641062686e-01
1.660100000000000000e+04 5.600000000000000000e+01 1.010000000000000000e+02 8.015457176579982024e-01
1.665100000000000000e+04 5.600000000000000000e+01 1.510000000000000000e+02 7.208883820060145720e-01
1.670100000000000000e+04 5.600000000000000000e+01 2.010000000000000000e+02 7.868112388758049525e-01
1.675100000000000000e+04 5.600000000000000000e+01 2.510000000000000000e+02 8.053630367351567454e-01
1.680000000000000000e+04 5.600000000000000000e+01 -1.000000000000000000e+00 7.648988851735880612e-01
1.685100000000000000e+04 5.700000000000000000e+01 5.100000000000000000e+01 7.955974825864929878e-01
1.690100000000000000e+04 5.700000000000000000e+01 1.010000000000000000e+02 7.314160305318072597e-01
1.695100000000000000e+04 5.700000000000000000e+01 1.510000000000000000e+02 7.745453418940282386e-01
1.700100000000000000e+04 5.700000000000000000e+01 2.010000000000000000e+02 7.510857580476872908e-01
1.705100000000000000e+04 5.700000000000000000e+01 2.510000000000000000e+02 7.691812166899436587e-01
1.710000000000000000e+04 5.700000000000000000e+01 -1.000000000000000000e+00 7.917103490281695022e-01
1.715100000000000000e+04 5.800000000000000000e+01 5.100000000000000000e+01 7.951496253647611923e-01
1.720100000000000000e+04 5.800000000000000000e+01 1.010000000000000000e+02 7.342548468079856949e-01
1.725100000000000000e+04 5.800000000000000000e+01 1.510000000000000000e+02 8.020452386705517744e-01
1.730100000000000000e+04 5.800000000000000000e+01 2.010000000000000000e+02 7.964347896592184339e-01
1.735100000000000000e+04 5.800000000000000000e+01 2.510000000000000000e+02 7.901895587467975268e-01
1.740000000000000000e+04 5.800000000000000000e+01 -1.000000000000000000e+00 8.146820620896715326e-01
1.745100000000000000e+04 5.900000000000000000e+01 5.100000000000000000e+01 8.090626574371034829e-01
1.750100000000000000e+04 5.900000000000000000e+01 1.010000000000000000e+02 7.861108911617077366e-01
1.755100000000000000e+04 5.900000000000000000e+01 1.510000000000000000e+02 7.775737497294950007e-01
1.760100000000000000e+04 5.900000000000000000e+01 2.010000000000000000e+02 7.500815404952809740e-01
1.765100000000000000e+04 5.900000000000000000e+01 2.510000000000000000e+02 8.076029730586704591e-01
1.770000000000000000e+04 5.900000000000000000e+01 -1.000000000000000000e+00 8.035985825637738111e-01
1.775100000000000000e+04 6.000000000000000000e+01 5.100000000000000000e+01 7.890134603969348737e-01
1.780100000000000000e+04 6.000000000000000000e+01 1.010000000000000000e+02 7.878795705490401202e-01
1.785100000000000000e+04 6.000000000000000000e+01 1.510000000000000000e+02 8.003327729118036027e-01
1.790100000000000000e+04 6.000000000000000000e+01 2.010000000000000000e+02 7.928616708460964890e-01
1.795100000000000000e+04 6.000000000000000000e+01 2.510000000000000000e+02 7.895723177865073827e-01
1.800000000000000000e+04 6.000000000000000000e+01 -1.000000000000000000e+00 7.878917271175134296e-01
1.805100000000000000e+04 6.100000000000000000e+01 5.100000000000000000e+01 7.520262927684817633e-01
1.810100000000000000e+04 6.100000000000000000e+01 1.010000000000000000e+02 7.803569612621032991e-01
1.815100000000000000e+04 6.100000000000000000e+01 1.510000000000000000e+02 7.998489793674067316e-01
1.820100000000000000e+04 6.100000000000000000e+01 2.010000000000000000e+02 8.070105456930403154e-01
1.825100000000000000e+04 6.100000000000000000e+01 2.510000000000000000e+02 8.062530519702788556e-01
1.830000000000000000e+04 6.100000000000000000e+01 -1.000000000000000000e+00 7.284745425208394298e-01
1.835100000000000000e+04 6.200000000000000000e+01 5.100000000000000000e+01 8.003091912907400740e-01
1.840100000000000000e+04 6.200000000000000000e+01 1.010000000000000000e+02 7.960874866266166583e-01
1.845100000000000000e+04 6.200000000000000000e+01 1.510000000000000000e+02 7.800313605519598736e-01
1.850100000000000000e+04 6.200000000000000000e+01 2.010000000000000000e+02 7.972974349571575470e-01
1.855100000000000000e+04 6.200000000000000000e+01 2.510000000000000000e+02 7.264069213949251314e-01
1.860000000000000000e+04 6.200000000000000000e+01 -1.000000000000000000e+00 7.985620666937461865e-01
1.865100000000000000e+04 6.300000000000000000e+01 5.100000000000000000e+01 8.019208944464633060e-01
1.870100000000000000e+04 6.300000000000000000e+01 1.010000000000000000e+02 7.997894454444300916e-01
1.875100000000000000e+04 6.300000000000000000e+01 1.510000000000000000e+02 7.844980257280560476e-01
1.880100000000000000e+04 6.300000000000000000e+01 2.010000000000000000e+02 7.469446943789047610e-01
1.885100000000000000e+04 6.300000000000000000e+01 2.510000000000000000e+02 7.509802744852105416e-01
1.890000000000000000e+04 6.300000000000000000e+01 -1.000000000000000000e+00 6.758649068693488582e-01
1.895100000000000000e+04 6.400000000000000000e+01 5.100000000000000000e+01 7.950069314020365985e-01
1.900100000000000000e+04 6.400000000000000000e+01 1.010000000000000000e+02 6.880754097744048448e-01
1.905100000000000000e+04 6.400000000000000000e+01 1.510000000000000000e+02 7.665151709681403691e-01
1.910100000000000000e+04 6.400000000000000000e+01 2.010000000000000000e+02 7.760285229568687493e-01
1.915100000000000000e+04 6.400000000000000000e+01 2.510000000000000000e+02 7.871434692639145414e-01
1.920000000000000000e+04 6.400000000000000000e+01 -1.000000000000000000e+00 7.893736441180944086e-01
1.925100000000000000e+04 6.500000000000000000e+01 5.100000000000000000e+01 7.592583771065268827e-01
1.930100000000000000e+04 6.500000000000000000e+01 1.010000000000000000e+02 7.565793105396686480e-01
1.935100000000000000e+04 6.500000000000000000e+01 1.510000000000000000e+02 7.954501723822894332e-01
1.940100000000000000e+04 6.500000000000000000e+01 2.010000000000000000e+02 7.888755315494418996e-01
1.945100000000000000e+04 6.500000000000000000e+01 2.510000000000000000e+02 7.852281742503055550e-01
1.950000000000000000e+04 6.500000000000000000e+01 -1.000000000000000000e+00 7.939142110266230734e-01
1.955100000000000000e+04 6.600000000000000000e+01 5.100000000000000000e+01 8.076309415018968485e-01
1.960100000000000000e+04 6.600000000000000000e+01 1.010000000000000000e+02 7.984714816860514208e-01
1.965100000000000000e+04 6.600000000000000000e+01 1.510000000000000000e+02 7.828709259541088983e-01
1.970100000000000000e+04 6.600000000000000000e+01 2.010000000000000000e+02 7.530074352561669793e-01
1.975100000000000000e+04 6.600000000000000000e+01 2.510000000000000000e+02 7.625840515501369765e-01
1.980000000000000000e+04 6.600000000000000000e+01 -1.000000000000000000e+00 7.353339186161855778e-01
1.985100000000000000e+04 6.700000000000000000e+01 5.100000000000000000e+01 7.667708819519648555e-01
1.990100000000000000e+04 6.700000000000000000e+01 1.010000000000000000e+02 7.656208429529888226e-01
1.995100000000000000e+04 6.700000000000000000e+01 1.510000000000000000e+02 7.645044145358346199e-01
2.000100000000000000e+04 6.700000000000000000e+01 2.010000000000000000e+02 7.918181791599361308e-01
2.005100000000000000e+04 6.700000000000000000e+01 2.510000000000000000e+02 7.679605104302218432e-01
2.010000000000000000e+04 6.700000000000000000e+01 -1.000000000000000000e+00 7.906864902117911598e-01
2.015100000000000000e+04 6.800000000000000000e+01 5.100000000000000000e+01 7.647798441024471483e-01
2.020100000000000000e+04 6.800000000000000000e+01 1.010000000000000000e+02 7.461403242062853991e-01
2.025100000000000000e+04 6.800000000000000000e+01 1.510000000000000000e+02 7.337374911025817958e-01
2.030100000000000000e+04 6.800000000000000000e+01 2.010000000000000000e+02 7.924777509215177318e-01
2.035100000000000000e+04 6.800000000000000000e+01 2.510000000000000000e+02 7.863776748733528610e-01
2.040000000000000000e+04 6.800000000000000000e+01 -1.000000000000000000e+00 7.724334572879354432e-01
2.045100000000000000e+04 6.900000000000000000e+01 5.100000000000000000e+01 7.923636780469747176e-01
2.050100000000000000e+04 6.900000000000000000e+01 1.010000000000000000e+02 7.685331152537238086e-01
2.055100000000000000e+04 6.900000000000000000e+01 1.510000000000000000e+02 7.725108841984291708e-01
2.060100000000000000e+04 6.900000000000000000e+01 2.010000000000000000e+02 7.880005809940894279e-01
2.065100000000000000e+04 6.900000000000000000e+01 2.510000000000000000e+02 7.604987351456559130e-01
2.070000000000000000e+04 6.900000000000000000e+01 -1.000000000000000000e+00 7.538352547031546003e-01
2.075100000000000000e+04 7.000000000000000000e+01 5.100000000000000000e+01 7.983963597766856601e-01
2.080100000000000000e+04 7.000000000000000000e+01 1.010000000000000000e+02 7.686798515357602390e-01
2.085100000000000000e+04 7.000000000000000000e+01 1.510000000000000000e+02 7.901093402733897486e-01
2.090100000000000000e+04 7.000000000000000000e+01 2.010000000000000000e+02 8.017420217226517432e-01
2.095100000000000000e+04 7.000000000000000000e+01 2.510000000000000000e+02 6.980959666728988600e-01
2.100000000000000000e+04 7.000000000000000000e+01 -1.000000000000000000e+00 7.706615578857884952e-01
2.105100000000000000e+04 7.100000000000000000e+01 5.100000000000000000e+01 7.940368872845723347e-01
2.110100000000000000e+04 7.100000000000000000e+01 1.010000000000000000e+02 7.831131824742605385e-01
2.115100000000000000e+04 7.100000000000000000e+01 1.510000000000000000e+02 7.834878475669746489e-01
2.120100000000000000e+04 7.100000000000000000e+01 2.010000000000000000e+02 7.865351601352845723e-01
2.125100000000000000e+04 7.100000000000000000e+01 2.510000000000000000e+02 7.735304650678905825e-01
2.130000000000000000e+04 7.100000000000000000e+01 -1.000000000000000000e+00 8.041725742655485565e-01
2.135100000000000000e+04 7.200000000000000000e+01 5.100000000000000000e+01 7.879710505119320585e-01
2.140100000000000000e+04 7.200000000000000000e+01 1.010000000000000000e+02 7.816429881631049570e-01
2.145100000000000000e+04 7.200000000000000000e+01 1.510000000000000000e+02 7.900758367375899649e-01
2.150100000000000000e+04 7.200000000000000000e+01 2.010000000000000000e+02 7.830502869443223268e-01
2.155100000000000000e+04 7.200000000000000000e+01 2.510000000000000000e+02 7.839370122713364974e-01
2.160000000000000000e+04 7.200000000000000000e+01 -1.000000000000000000e+00 7.758503694701931463e-01
2.165100000000000000e+04 7.300000000000000000e+01 5.100000000000000000e+01 7.909990078423431159e-01
2.170100000000000000e+04 7.300000000000000000e+01 1.010000000000000000e+02 7.532010889270616127e-01
2.175100000000000000e+04 7.300000000000000000e+01 1.510000000000000000e+02 7.873544563322050216e-01
2.180100000000000000e+04 7.300000000000000000e+01 2.010000000000000000e+02 7.821507062705539415e-01
2.185100000000000000e+04 7.300000000000000000e+01 2.510000000000000000e+02 7.892011453612310934e-01
2.190000000000000000e+04 7.300000000000000000e+01 -1.000000000000000000e+00 7.836975507956955855e-01
2.195100000000000000e+04 7.400000000000000000e+01 5.100000000000000000e+01 7.830047927175106670e-01
2.200100000000000000e+04 7.400000000000000000e+01 1.010000000000000000e+02 7.759594784516734567e-01
2.205100000000000000e+04 7.400000000000000000e+01 1.510000000000000000e+02 7.226769181024630395e-01
2.210100000000000000e+04 7.400000000000000000e+01 2.010000000000000000e+02 7.688548050706915937e-01
2.215100000000000000e+04 7.400000000000000000e+01 2.510000000000000000e+02 7.942240347293675340e-01
2.220000000000000000e+04 7.400000000000000000e+01 -1.000000000000000000e+00 7.919512289558375828e-01
2.225100000000000000e+04 7.500000000000000000e+01 5.100000000000000000e+01 7.481255496514408465e-01
2.230100000000000000e+04 7.500000000000000000e+01 1.010000000000000000e+02 7.639156969733515989e-01
2.235100000000000000e+04 7.500000000000000000e+01 1.510000000000000000e+02 7.842530521083618256e-01
2.240100000000000000e+04 7.500000000000000000e+01 2.010000000000000000e+02 7.667336799111086343e-01
2.245100000000000000e+04 7.500000000000000000e+01 2.510000000000000000e+02 7.807231385285715586e-01
2.250000000000000000e+04 7.500000000000000000e+01 -1.000000000000000000e+00 7.567395356193117317e-01
2.255100000000000000e+04 7.600000000000000000e+01 5.100000000000000000e+01 7.321976536765852916e-01
2.260100000000000000e+04 7.600000000000000000e+01 1.010000000000000000e+02 8.060269482179375222e-01
2.265100000000000000e+04 7.600000000000000000e+01 1.510000000000000000e+02 7.975254555034931858e-01
2.270100000000000000e+04 7.600000000000000000e+01 2.010000000000000000e+02 7.931037054461441693e-01
2.275100000000000000e+04 7.600000000000000000e+01 2.510000000000000000e+02 8.071232818399822762e-01
2.280000000000000000e+04 7.600000000000000000e+01 -1.000000000000000000e+00 8.057775155938834422e-01
2.285100000000000000e+04 7.700000000000000000e+01 5.100000000000000000e+01 7.998708166930749153e-01
2.290100000000000000e+04 7.700000000000000000e+01 1.010000000000000000e+02 8.106276518969248723e-01
2.295100000000000000e+04 7.700000000000000000e+01 1.510000000000000000e+02 8.003250592320778622e-01
2.300100000000000000e+04 7.700000000000000000e+01 2.010000000000000000e+02 7.930147153070400412e-01
2.305100000000000000e+04 7.700000000000000000e+01 2.510000000000000000e+02 7.864740525659775772e-01
2.310000000000000000e+04 7.700000000000000000e+01 -1.000000000000000000e+00 7.781406799587822221e-01
2.315100000000000000e+04 7.800000000000000000e+01 5.100000000000000000e+01 7.979747741100285952e-01
2.320100000000000000e+04 7.800000000000000000e+01 1.010000000000000000e+02 7.910881395344876443e-01
2.325100000000000000e+04 7.800000000000000000e+01 1.510000000000000000e+02 7.246751719056965246e-01
2.330100000000000000e+04 7.800000000000000000e+01 2.010000000000000000e+02 7.949036121178774117e-01
2.335100000000000000e+04 7.800000000000000000e+01 2.510000000000000000e+02 7.895634911781287402e-01
2.340000000000000000e+04 7.800000000000000000e+01 -1.000000000000000000e+00 7.893806237631383338e-01
2.345100000000000000e+04 7.900000000000000000e+01 5.100000000000000000e+01 7.929559203948078894e-01
2.350100000000000000e+04 7.900000000000000000e+01 1.010000000000000000e+02 7.807422778824455456e-01
2.355100000000000000e+04 7.900000000000000000e+01 1.510000000000000000e+02 8.003756531838597255e-01
2.360100000000000000e+04 7.900000000000000000e+01 2.010000000000000000e+02 7.931721417875310376e-01
2.365100000000000000e+04 7.900000000000000000e+01 2.510000000000000000e+02 7.965489813393779039e-01
2.370000000000000000e+04 7.900000000000000000e+01 -1.000000000000000000e+00 7.842489731401609543e-01
2.375100000000000000e+04 8.000000000000000000e+01 5.100000000000000000e+01 7.934076883562413141e-01
2.380100000000000000e+04 8.000000000000000000e+01 1.010000000000000000e+02 7.475523760280977648e-01
2.385100000000000000e+04 8.000000000000000000e+01 1.510000000000000000e+02 8.113361820421888249e-01
2.390100000000000000e+04 8.000000000000000000e+01 2.010000000000000000e+02 7.584527518951136305e-01
2.395100000000000000e+04 8.000000000000000000e+01 2.510000000000000000e+02 7.458227508035975006e-01
2.400000000000000000e+04 8.000000000000000000e+01 -1.000000000000000000e+00 7.500281822831627032e-01
2.405100000000000000e+04 8.100000000000000000e+01 5.100000000000000000e+01 7.687618166848345647e-01
2.410100000000000000e+04 8.100000000000000000e+01 1.010000000000000000e+02 7.895810894775247002e-01
2.415100000000000000e+04 8.100000000000000000e+01 1.510000000000000000e+02 7.727987727219035596e-01
2.420100000000000000e+04 8.100000000000000000e+01 2.010000000000000000e+02 7.855476037548906332e-01
2.425100000000000000e+04 8.100000000000000000e+01 2.510000000000000000e+02 8.003250877906632477e-01
2.430000000000000000e+04 8.100000000000000000e+01 -1.000000000000000000e+00 7.263030855370576910e-01
2.435100000000000000e+04 8.200000000000000000e+01 5.100000000000000000e+01 7.838774728605576447e-01
2.440100000000000000e+04 8.200000000000000000e+01 1.010000000000000000e+02 7.949521022330903186e-01
2.445100000000000000e+04 8.200000000000000000e+01 1.510000000000000000e+02 7.685491828444586115e-01
2.450100000000000000e+04 8.200000000000000000e+01 2.010000000000000000e+02 7.852494495685866660e-01
2.455100000000000000e+04 8.200000000000000000e+01 2.510000000000000000e+02 7.776568926882500010e-01
2.460000000000000000e+04 8.200000000000000000e+01 -1.000000000000000000e+00 7.793169152015286816e-01
2.465100000000000000e+04 8.300000000000000000e+01 5.100000000000000000e+01 7.908061353799749060e-01
2.470100000000000000e+04 8.300000000000000000e+01 1.010000000000000000e+02 7.359414315066297174e-01
2.475100000000000000e+04 8.300000000000000000e+01 1.510000000000000000e+02 8.034394016691180918e-01
2.480100000000000000e+04 8.300000000000000000e+01 2.010000000000000000e+02 7.974333370118241726e-01
2.485100000000000000e+04 8.300000000000000000e+01 2.510000000000000000e+02 7.962042844385598395e-01
2.490000000000000000e+04 8.300000000000000000e+01 -1.000000000000000000e+00 7.754276912152821000e-01
2.495100000000000000e+04 8.400000000000000000e+01 5.100000000000000000e+01 7.359770954380031593e-01
2.500100000000000000e+04 8.400000000000000000e+01 1.010000000000000000e+02 7.863781418680928503e-01
2.505100000000000000e+04 8.400000000000000000e+01 1.510000000000000000e+02 7.813304998179578797e-01
2.510100000000000000e+04 8.400000000000000000e+01 2.010000000000000000e+02 7.843301866762130148e-01
2.515100000000000000e+04 8.400000000000000000e+01 2.510000000000000000e+02 7.883531272145332114e-01
2.520000000000000000e+04 8.400000000000000000e+01 -1.000000000000000000e+00 7.961927585958814557e-01
2.525100000000000000e+04 8.500000000000000000e+01 5.100000000000000000e+01 7.944912806174572184e-01
2.530100000000000000e+04 8.500000000000000000e+01 1.010000000000000000e+02 8.023931010623062132e-01
2.535100000000000000e+04 8.500000000000000000e+01 1.510000000000000000e+02 8.090380034618345206e-01
2.540100000000000000e+04 8.500000000000000000e+01 2.010000000000000000e+02 8.034543813753083352e-01
2.545100000000000000e+04 8.500000000000000000e+01 2.510000000000000000e+02 7.913358555553605678e-01
2.550000000000000000e+04 8.500000000000000000e+01 -1.000000000000000000e+00 7.885512046509453032e-01
2.555100000000000000e+04 8.600000000000000000e+01 5.100000000000000000e+01 7.961377476432025535e-01
2.560100000000000000e+04 8.600000000000000000e+01 1.010000000000000000e+02 7.924649651712336595e-01
2.565100000000000000e+04 8.600000000000000000e+01 1.510000000000000000e+02 7.953526939467409074e-01
2.570100000000000000e+04 8.600000000000000000e+01 2.010000000000000000e+02 8.010900719651591340e-01
2.575100000000000000e+04 8.600000000000000000e+01 2.510000000000000000e+02 8.074752590360360083e-01
2.580000000000000000e+04 8.600000000000000000e+01 -1.000000000000000000e+00 7.925670895011494022e-01
2.585100000000000000e+04 8.700000000000000000e+01 5.100000000000000000e+01 7.870694356745367992e-01
2.590100000000000000e+04 8.700000000000000000e+01 1.010000000000000000e+02 7.698052508683753681e-01
2.595100000000000000e+04 8.700000000000000000e+01 1.510000000000000000e+02 7.671225654678208716e-01
2.600100000000000000e+04 8.700000000000000000e+01 2.010000000000000000e+02 8.004741772093740826e-01
2.605100000000000000e+04 8.700000000000000000e+01 2.510000000000000000e+02 7.185698804708893217e-01
2.610000000000000000e+04 8.700000000000000000e+01 -1.000000000000000000e+00 7.410961336242218866e-01
2.615100000000000000e+04 8.800000000000000000e+01 5.100000000000000000e+01 8.024542774482670282e-01
2.620100000000000000e+04 8.800000000000000000e+01 1.010000000000000000e+02 7.505867628697019400e-01
2.625100000000000000e+04 8.800000000000000000e+01 1.510000000000000000e+02 7.830986174072671613e-01
2.630100000000000000e+04 8.800000000000000000e+01 2.010000000000000000e+02 7.867438363742063068e-01
2.635100000000000000e+04 8.800000000000000000e+01 2.510000000000000000e+02 7.711731822339431552e-01
2.640000000000000000e+04 8.800000000000000000e+01 -1.000000000000000000e+00 7.759378443067862507e-01
2.645100000000000000e+04 8.900000000000000000e+01 5.100000000000000000e+01 7.685249016466837446e-01
2.650100000000000000e+04 8.900000000000000000e+01 1.010000000000000000e+02 7.821176164626971739e-01
2.655100000000000000e+04 8.900000000000000000e+01 1.510000000000000000e+02 7.592312053951765227e-01
2.660100000000000000e+04 8.900000000000000000e+01 2.010000000000000000e+02 7.583145363264642835e-01
2.665100000000000000e+04 8.900000000000000000e+01 2.510000000000000000e+02 7.930440028217919934e-01
2.670000000000000000e+04 8.900000000000000000e+01 -1.000000000000000000e+00 7.966287851888411709e-01
2.675100000000000000e+04 9.000000000000000000e+01 5.100000000000000000e+01 7.509795996698103160e-01
2.680100000000000000e+04 9.000000000000000000e+01 1.010000000000000000e+02 7.901769156209603739e-01
2.685100000000000000e+04 9.000000000000000000e+01 1.510000000000000000e+02 8.079321817820852569e-01
2.690100000000000000e+04 9.000000000000000000e+01 2.010000000000000000e+02 7.892880549151107816e-01
2.695100000000000000e+04 9.000000000000000000e+01 2.510000000000000000e+02 7.720988817062246490e-01
2.700000000000000000e+04 9.000000000000000000e+01 -1.000000000000000000e+00 7.874567497407015670e-01
